Inserted,Hash,number,timestamp,match,txs
Block,0xd3f67556600492e3a44d55154f0725deb76318af19a8504456ebbf54e260ee3b,6371549,"2018-09-21 08:46:09 +0000 UTC
",,
,,,,false,0x45fb8c91f1f65b7dff02e71f3521b13a195c1a07773374de0282117fb10d8aa7
,,,,false,0x2ada2bd6872bffe1078165681c751ba979c9547e06e2af03b88d7ec152234bf4
,,,,false,0x45678ddca02823b5846215a63ad898068e85f092305693e353eebcf557b2b734
,,,,false,0xeeb7194f8fdf022d9a8f0f74073cc21075a5d7385d24b0a609dd2c21f99be568
,,,,false,0x96a23b7f6dd6739d2908bb35acfe0b0fcfcff6dc2adf1cc887b589a5568dad4e
,,,,false,0x5a9740aae466cae6cbe0aec28335f2d724eb7353945d9b67f255de26eea8b869
,,,,false,0xa48fc8b682bea330b32212d044e8cd24b43e247b5943d8a1041a21798851b151
,,,,false,0xc33168d359bb2750543046f9b8c391fb1ae98d131985175a4654c4620666fe8e
,,,,false,0x73d80a4eaa659090c96280b0730c148eb2b6bf1feb9c07f4411039f7373d35bc
,,,,false,0x9f83f286e3e0c673e6d046725b5bd58bd04fd43f1a5a05f88c12afaf2f701ad3
,,,,false,0x4168152a360c9d6e25048f4da4082eeac361334182c6780c147772ce0a0e2020
,,,,false,0x734c43376736ccb22b0f2d211afe54e4483a7b189251fb399f8e4b87e8fdea11
,,,,false,0x5ea74f344fbc526f78e72f21cd3bdc7de1a2e04bcae4afebdc8839439c79c433
,,,,false,0x9e1bb9a73b67ca39696180eb2c91704bdcb3783cc2aa240e7ff4c8697e806a3c
,,,,false,0xe16a0037f65179cb3794fd32b8dc68e60b91225138787ad1b3659487e211edc2
,,,,false,0xaaa9d3956e126b549b12d212eab31a038a689a05e770c7f32e27d7b4aebfe382
,,,,false,0x61d5647421655ac7d158e425cf0f1fcacc8a6fce2797d1e87f49a724f78afc08
,,,,false,0x0a580c080e3287294c711feadb2aa5cc20238b736a59e66a3542ad74e16394d3
,,,,false,0x06ad28f330eb58538200715c4b8de3e118fcbf2681c2c4c743481aedea5fbe94
,,,,false,0xf58afedfed1f7495a0ae4dae0f251bb40e4dca6b368e2f8289222c791fcbd51a
,,,,false,0x2680113c1eb5492a89ad8ae7fff875356af8d97b02ba65a013e0b944e6da3af1
,,,,false,0xba52508c7294902bcd0edfb86f169f6380577a72d4c9c8d566e07bf1348f2a94
,,,,false,0x7fcdd3a966f492097476e74520c3f88924661677c0c1082386499e9c2696e87a
,,,,false,0x421557bbfc73b8c36d548b747eaf76fd93f56a34be8c4b44bdfdd87676a02a61
,,,,false,0xfc6c95537a926fc17001792ba7063db3163c6a5e2ae9f3de07720d80151ed5ae
,,,,false,0xf3f25defbffd9c0742332012e7c89bcda04bcbb947c3f4aa0ff3f146555d5061
,,,,false,0x1b0f0bf20838608b42f2478c88f24bb22dab2467af1583886bd8ef7602287921
,,,,false,0x90c63e779a94be7d7caae52fbdd09daaa29e841f0f7e3e9f55c53da832881547
,,,,false,0x01dccbefa16aa5d89d9c6587436368b45242b733bc221b54e78dd5511248948f
,,,,false,0xfbdd2dae158d1afee1293ccf64a1a0828e487f9e58c1e5cd993c886c9d1981f0
,,,,false,0xb479248668a7e0154c7340f76d6be1cd960f72ddd42d7e7a88226a2e3200d982
,,,,false,0xb2cd1ba813c5dd897ebfda80deec2f5e16c62cdc32e8f034c30755ad68ae020c
,,,,false,0xd3f9a5aeeddfa031fc4719c7cf3bab16b3d6a73d5ce0ee02a2044fe687e477b0
,,,,false,0x467afac083b10dda1bc44fefbd75b4ca54f51b5f028e81bee22fdcb2fdf2f839
,,,,false,0x2b2c79be1baa429f2182099ea5e422f97f8d6f3036aca6d7c8b14a5b2c4e67d0
,,,,false,0x2ad59fa13d1e282052f86ae4fe1f8ab9dc96d2b1e689655410e491ea4f21dd87
,,,,false,0xc9df5648aa4f67d58435db71d406f005b00649080ec1ce15b47f9da3da3aec5b
,,,,false,0xd1b5a0b67f518a6ae7c786958c89dda398753b4cd73f7f0994e70cf2c4503abd
,,,,false,0x5ee9e6aa7a5353866707e3edbd34a20a2ce78a1ccda706f4431a49a90279f486
,,,,false,0x2e71583ea91c22a0b88954d1c905556a81f323f251be385ac82fbdbdcf39ef0e
,,,,false,0xbf8d41a709fa68fbf8cd3667b8f6271cf956c923e6f85b1ba66f807da505a61c
,,,,false,0x83e0094fa6fe7278b3b475994d2f9b729ed9620e754ff07bc50a78885c6f4265
,,,,false,0x001bd067b0a6484f42af632fea0e478188e7a27d26b862784efa8d4d107bf209
,,,,false,0xedc1b57dd23b17e2de00b70a0adeb95740968d4faf60bd131d0f0e0701e3b12b
,,,,false,0xc8b4860ae571d8b20b459ae1467eca164211a8d7468a0edab326e51f2dd178eb
,,,,false,0x638f2c8f15386c70ca78c05efd05efa8af58b7e79a157c1b7abd094b91b22181
,,,,false,0x9a8ecd9c1be98280077e3e4ed42b2c36cd38052bdbc287ad5ab712e62dacdf48
,,,,false,0x2de157e4c1a343aed69f92784dd43a3bf557f5aa66b4796c5fa997e86ed40de5
,,,,false,0x2af1693785a0a54a219ad445ec7243c186c52d38c6307eebdd6a74a05e546e3a
,,,,false,0x8700c40903bb07bf9cd8a841a7232fffec010aa78b5d920077bf87e355563b8b
,,,,false,"
"
