Inserted,Hash,number,timestamp,match,txs
Block,0xf31df0543ef7c3417de9ed70f768b3ccf4e6d5d129f2868eec61c504eeaaa7cc,6374731,"2018-09-21 21:16:40 +0000 UTC
",,
,,,,false,0x5d5707ec00377c836ee99ea7ebb072d548f84ffda7782b1a07bd340dd2da92ef
,,,,false,0x21acf3f7c781f3ae8d359ddb0b1dfead8b3d50f218825539b9bbd5bc4493908f
,,,,false,0x53033433a36daf2b8636c403fb133111b111c3ca3c0c7fa573017ff0a8499647
,,,,false,0x5be9c23fa96488256e513dc5612fc162a3115eaf6cad459b8aa0fec7459dff00
,,,,false,0x7e0139408679d3183230c2fd6f42ff05ce9ecfa6d35ce7f9c4b1c692c83e2feb
,,,,false,0xbd1ef1d3de20c62d15a35c870fbc64a21141c5a318e51097c97627857a9bc91d
,,,,false,0xfe45a4f408e0fb8d73226adf404d2ef67fe0881fe5ed2c07ea31c17491e1659d
,,,,false,0x888caa9ce2db6c4d7942779b2a71ba909366fcacbd921c1b493301052550d36f
,,,,false,0x7324d02f658fbdcdd1c912d8fccda411a1a50785bacab759f50fa28c93a8fcb9
,,,,false,0xb0578220ee6dd1f9c068da3802d7ec906d9c30c536d6b18075f39c87c4ce4d67
,,,,false,0xf16332f7c531c932a012a9ddfed788f38cd62442e2879058f88ac45d801f9f9e
,,,,false,0xd742f279ef17297a6f4d998f4f67ff316f7f5d0f1736a528ca6850e66fbce0f2
,,,,false,0x7c94625d14c1e438c03543a9cfa9028eeb1db40f5f092d0c56c61ae69adf0de1
,,,,false,0x8b3750d49cedc76d6923c0751979c416ec337258995a9f1ad3b7a7d6db62ebef
,,,,false,0x8019a62666935a47c119bf865bd2dcf4f6be171508d098078dda97a0e98cf933
,,,,false,0x3d08c4a4296f3c016915d22a5f6f36f728eba641e7fd7b108cf5a8b6dad743bf
,,,,false,0x879eb504be4257ce0e680e1d80fa8d53edf9928f383dca08069d9c32344409c8
,,,,false,0xe5f66cdb486ea6123e24850fad1d5b061fe253ec02834a0d32d48375f12dd690
,,,,false,0x6f9d2f2af2eee10850c671977a52f788e00a71b8da37b0a663b87f47b129219d
,,,,false,0xb58f11a1c265f7f0be784e9ea9fb4a7094ddd6cb5f45d757bf9bfc2c87007dad
,,,,false,0xe440fd528cb04fbb24fd9c06465b941283efacc359c1449322dbbc064982fa66
,,,,false,0x4710940cd8556f52c967df12de1c3db237969db8c286838e262ee0c003156ae4
,,,,false,0xe75a742535d1ddb8b6c53e2f8fb7e94c3c0f7cc1743080a3b81f22a8e58938f0
,,,,false,0x831038a1389d4a8a61aa24b540702142e8f3d36ac80070a6abd47066df8e9eb8
,,,,false,0x67b58820e18baec8582d97b0320033bc96b8a26632987a8d09a0a5db9bbe00e4
,,,,false,0x5fecca185214eccd9657b11c786b247ab1220089bc197eeb3f6fc9d1a2df9028
,,,,false,0x4a73990794ec935dcb735e1beeb52afd0f8727f9d00dc562b86e53faec21e0d1
,,,,false,0xc723dd3ebface2c0d16b0e87711d0f35ef99e821e3e8fe421cd0f2b305d0e4a4
,,,,false,0x68ff354f389c0b90c71bd5d8ad2100e797c97eb149ce61810b4a820de3832778
,,,,false,0x08c086a5aa9e8183525c8ea70d9f0ce40f0cf5daa34ddfd681cf0987e8e7e97b
,,,,false,0x0273e632d646a2a9d1d20fb3a82917afdb72f0b02b53f1c6228d277de4b5149a
,,,,false,0xe85596179413cf3ab106f7c1e7dfc18ee69d968a801831d9251a803abbd4dd0b
,,,,false,0x3f7b2ed3bee68c78fcc7679b28bae762b6c4c9491c236b248f66f5899b7e4b87
,,,,false,0x966e087ccb23cee809f19affc24ea461291ccf5965afba0b60e69c6d39a3d9da
,,,,false,0xbed00cc3b427dfdcc567e106a85659365ba027ce4347c88d38daf8bbf0ba359d
,,,,false,0x9ca9dbdf32229aa62a845f3d38e10d386c913f85151f0cbdd25e8412fec4975f
,,,,false,0x67a05a00f04f71f877c713b1e89aa279cfe18fb24d7fafdf4d64e4494ef308be
,,,,false,0xc697506e4aad4aba32487b492d265988e1fd656e62b71d72e9a1d0343c22c28b
,,,,false,0x06fae7a67c6f58df0866129daa60bdd6dce9bad6b04d53f37381d818fc2df29e
,,,,false,0x27956b260e7e236e0175e8f9d0e0d006bb7e859658f8c357bf30db25005ac359
,,,,false,0x37b775ba462daaf4458672cff06e143404cbc3e6fb199c95d39c5edcf1557ecd
,,,,false,0x315dcc63336dc3bed1ed51eb141b7e5078eb1b24faa31acb05b50d9b3e7689a9
,,,,false,0xc5082f995f2089f0225341df205cba5538480fae202fd1c076bda6c218fccfd6
,,,,false,0xccecdc77e9d25ab5de954de1259e2af2816fbc0ad832e42d0e9b0e9f51352663
,,,,false,0x16bb7b80db517a83ec616b448b8a3443d715526a3f15f1d3c4169a5c30a3fead
,,,,false,0x712013d20af90adf5f593757d498b14f78baf1a2d625d8dbfba12ce47ffca63b
,,,,false,0x14c4b1424400b080df2f7c21a265f6e73ac77a4dbfdf7d04acf28bff391f53c5
,,,,false,0x85465231704623514f10d29b321a5e86fafc26db0a0a8ef5da9f581204873d0b
,,,,false,0xfec29f18446075121af1551393c5335c1fbcbf22621cbaec2d8862208db8cbe7
,,,,false,0x80f923e2d31bb13264e4be8a45652c5d9d020516f109f532be683123ba9e8be5
,,,,false,0xf6a29ea8e2fd5926c3e1a3492d2b946a2748a8561cf3042fcec3b91826a0faa9
,,,,false,0x3d3c6bfeac51d9b59b67e05f601864d90045c4f808daf850013e3cd40b55cd57
,,,,false,"
"
