Inserted,Hash,number,timestamp,match,txs
Block,0x0d689af67c6a5da254b62753eefc5b22135be8caba18270a929fd120869cf5ac,6370176,"2018-09-21 03:14:57 +0000 UTC
",,
,,,,false,0xdc9214b0958cbe9163ff9ad832ca88bda726e63dd530e9aa2cab1cac0ed7354a
,,,,false,0xbece0ed1b0ce8b57b38df980c874ecf15ff8f20aa2bc7901634b4b16bd891373
,,,,false,0x352e2c9d6d4a9c8aca5fb93b35762fd78ae044793a69b2118d675c4be54d3a38
,,,,false,0xc620641283b4f80a88499deb3096a018a42e309f2a97e3e2168aac2a857fe4a8
,,,,false,0x983b076cde77822ea735ebd144f20e92f44f8ebc632c35b37baa633391e94823
,,,,false,0x544e37cd0b20e016b8116231847b2ee5f36320f4bae36165b364e76ccd86bdcd
,,,,false,0x6b3709943e0146efbaf266be9e60a8d2e68224b4682c7ce2384d08755f7bf8db
,,,,false,0xe9f073fb15c5ad1b7da46ec623d87b92c444d956e31523080cbbce8785e5e0d0
,,,,false,0x6cc8a55e90a7fe3c0d207687fec2a610e296d057d3feb4e3dae668ee2b375deb
,,,,false,0x5fe47dfba65f1dadd9c9e6a8142f2013d0b6fe4decfcbd00c1101b894426c0a4
,,,,false,0xaf669a23f0b7151c788d7d783be36070a145f706307a6d3a9e4399298a5d9439
,,,,false,0x0ab516cb18ff69651ba078b07caf441c8452d20ec543c48f3ffdf5393d6e1b03
,,,,false,0x2d079ac5def5f2a6d8cd535ee2ccfb31e800663750b7ed18aa12e760c6562e04
,,,,false,0x8ed9cd6b657b5232a64325138ebdbdf5315e47b9d43e32e3e06b11379762d1b1
,,,,false,0x65f8fe317752bb87501381c8f6211bc856cb66e988cac3909fe7e29f3061fa59
,,,,false,0x49009372282a48673a52fd58feef7999f8d1cbc799bb292da271f0985c96b357
,,,,false,0x3d3321b7ac5399c5875095d9149b34330518e7a8246d48cf97fc880b6dbbe8ac
,,,,false,0x31b7cdc8461e84b2b4f1adb50d09b8e66d3ac9887dfb8db8b64b1b9205f13d07
,,,,false,0x3c2785b96d40c274296699c7198be9e077832a0758aecc662060c3de25e7e891
,,,,false,0xb933919459b1496ec0a813ecf0b8c84a57c3c2a73608eb51a3423b838ea05889
,,,,false,0x6940d05edf355090d36472da112c31d3eb95911eaa22e646380385b5b8b53524
,,,,false,0x5d76dceb065db47a0865ce4de0ec43e3cc8aeddb483411358b54f460dbf87b94
,,,,false,0xfc97925cec8b1a7c452035d2201c4e2e723db73b024cc3ea407d4fdf81e39f3b
,,,,false,0xc01933188457e81d2fd0597a58334c10c7df602f90317f61a885d7db99231769
,,,,false,0xf3abc0b07263251a94cad563840138b76216fed89e68f537443a50c2ae459f6d
,,,,false,0x3ec40c884185f17bb443b5fa83df95670e2b05f9ebe828664a966798e3341ea8
,,,,false,0x16221f39fd8a327ce4ae453b5e7927fb971154feed0efb62f24aa280150daf4e
,,,,false,0x8a9cffb1fd79ceff6062d9eeeb6a5d603828ba36103f6e6cd453e8985c86f682
,,,,false,0x0438d7239095a4f87e28f2894d58420e98839141824dfc78245ac77e9020df5a
,,,,false,0x65038bcf66ddae691c115c1ecf72f66eadb19fd0aca0182262c51f5ed1df5d53
,,,,false,0x959b1f5e3482aa3bc9ab564faf4202be8ed62859bffa2edd768c5b6ce0e647b4
,,,,false,0x34c4e132c9c6a4daaeb6df937affc10cd885d03720605a0da534477a0431c975
,,,,false,0x59e16da211753b988c144fa605e01278d780c160a1e3d23c880576f28442c7ba
,,,,false,0x33c637b46e8ed89de32c0559008631f9327e5650a67898e20588b6df5411d6ea
,,,,false,0x33a06f82e0927b6065fd832423d8aefb3e3d42e034b0bb1ede7f0532e2a37576
,,,,false,0x2f5203fa53857a2e20bb6d763ce663c43aa8c2a46877ed400fec0e7b152ac2e6
,,,,false,0x7f543c2e461e43c985b491aa924057a67270bd39e020ec23d401f0aaae24b8d4
,,,,false,0xc7a944bbb48525bb2325b32d92711315c6ef0fcee9e91eb14fe1075632b1f99d
,,,,false,0x355cc9515ed82832ad27234454fdfba9b0badb50fa2700cb5c5e79d2862882ad
,,,,false,0x1bc6f723533468bb64b7dc25d8e5c54ff6eabf782adb98faf8fbc1c25e769d25
,,,,false,0x84e1d6f5fc604941e83cee913ff78b7b3b4a3d4836a2dc98f77e870c2b983057
,,,,false,0x5dac8756619d1ad36347fb057b472749f5beaac7653aabda97111db9e84f601c
,,,,false,0x1b6b42f6ed4d6656687f912ce619c0a315405f8c93beea74a2eef167cc4d948e
,,,,false,0xd8db3624eb99a52e025679cb273cfad93d342e340179a7ce488cba85a964dc64
,,,,false,0xa88c4265290339b410e8177ebc22602a9a0e3dffe33be6b33f8a26cc544381c3
,,,,false,0x1fc2558e586922884d82e70563ff2419ba13ed83694dd0456bb9c13b4fa205f6
,,,,false,0x662d20418e60b7fe8c8cd7885a23a84c571f9fa96e5695eeb17c5826b56a1d41
,,,,false,0xd20bb80fcafaf098d199f827c9b45cfdebb8ec9b06874e30def0f790b8b8e1c5
,,,,false,0xb1b15f1e4154c489ce7c4969f3f97843a180b0f92ccf79a3e13b46ff4cd0bdee
,,,,false,0xd7836a4b4557d09b786f6b8fe34cefd6160f6d09fd45cad250ee3ed00b4a0d8b
,,,,false,0x817aeb28608340d00e7b78b2b916523b1d724fe6d496ccb12f65b4e2cc7a4ec6
,,,,false,0xff6f06a225e7cbca1d0449174dd2170bcee8c7b327e6b59c3b7acd5d98b18168
,,,,false,0x43a03dd1305fac549abbc06cc03757f4a38c70a505fb2cc0a3ac0febb5375571
,,,,false,0x122bdd357ae3b10265f937974c14b1cbf4f45460f24194980fdad883966f9878
,,,,false,0x706f7eaa872df156c5c27db15a77d3aed7787e268f16a34bc07a4afd06bb585c
,,,,false,0x7ce62fb130a86a84eaa5c869e2591fff0a8fbd5e97520b22de17b4573decb7bc
,,,,false,0x6c5ebc792cc73ce2d02815ae53f09533f62fc5652a6c77ce34d221defe89d503
,,,,false,0xd63316f0c648686fba97fb9230ac6d52e678c576849514766d1b429d78c4e13b
,,,,false,0x56634172f9f810b333dc5308dc601d49498658b05b661b91eb42f1db36acf93f
,,,,false,0x05831f239516d27474908bc676d196f1b0008500a9cd50fa845c8c5d7a50f15a
,,,,false,0x01d6c87f066c240033419fe1b2e4fcbac581ebfbebdd115cb18eb6ad6ceb5704
,,,,false,0x05fa0bb3a591681d05626867c7c28778e97b87e32004293001b453125f296b4a
,,,,false,0x370b8711798f935b34b7b921a1e761f1ea5c86fd9570e4f2d54834ba0389e950
,,,,false,0x6dd95b558cf21e1b75dbe9a56064c2f08b39901c9f7bec22571d5e2f6950c7b0
,,,,false,0x7a1fc6579bcbcd003e440cb96a1b29905934dbfff5cb5b74d6e236024d208611
,,,,false,0x56933c49e4c4d4e7ff1ffb876317aacea200e2c8a08b876a1ab7e691224f074a
,,,,false,0x5c89eb05084a2dd4139cd56786c4af21c63f8fe262e85b1d21391d180fd1efcd
,,,,false,0x93502492b89549177bdde646b12d15127f3b836b21add7c7fd797b3fc77b2caf
,,,,false,0xc60b44d6bcf5c0cf60d32144f4f9cbc46bbe88a3b4405ec8aed21e02ab7bf718
,,,,false,0x77eb81126bc4b1dd55cdf6cf5a2f1200d059ba6d5474e37732ddb7821273b393
,,,,false,0xcbe3d735ebe494908e2eda6eccac21649fde602dca0cc9f06d2cd73afcbe798b
,,,,false,0xc3322b6674435cc91e0ff5b5e0028af6ecef591450cf88e430f6127418e6c1ef
,,,,false,0xdf343376f2dfca6ace12a87c1a08d39923bf98b134a9aeb1b6b603736f81ac20
,,,,false,0x1baa4c7ddd5079d80e95ce4dbad4f974f3be5ac4c1b1467f944cf4ff6ba7fa89
,,,,false,0x5307d318f3603d22a72c3dc003d92857189a8ed8b822141051c4be6632706edf
,,,,false,0xc71626bd2f3ff1acdb19476252a0f7af1bac4a2e92806834ba05c3c330d3287c
,,,,false,0x0e09ed890d7c67d41ca651607e16bf46220e966dd6476a6e04482d3f710f5a29
,,,,false,0x3d71b7059f17034b9ba645d2fb66d4ff47df9ea56f8bd3d44b008cf6074a011a
,,,,false,0x86b1790fc2d80bf60f5019e9e92145fe06f6833f90f7b06660816328e16a07fc
,,,,false,0x0230b26dbfa5d6450b66fb2e524e6d63af6fc620aad08d678484c72723ce803a
,,,,false,0x7b70d7cf6df37b2f43e1c747c68e395764a24c4a68f1a8e7709705d9f1f40579
,,,,false,0x68a866fa3ad2a2fb710435b8d28ab9eea27325b32871f037c3559200300e5320
,,,,false,0xd072ef5f471699d28262f898c6e219680293cabdf328596923771350b1a4260d
,,,,false,0x5167d8df72fca7594799f33531ddb53f22b8127fc6c1d35d5c390b4201ff104a
,,,,false,0x3a14e2c2ed991f25259d9d1c03109dbf4a0de87f0d472a13dd49f8f7ebbcb53a
,,,,false,0xdfc72f421caf3608bee1e497dc1711891b6cd2d5a2b5c770172fc0409268d252
,,,,false,0xd344be5978535f9e9aaaba73ad5da8f6751ec62bd1e83b83977355418aeba7b7
,,,,false,0x6594b0567fe40abbb341faaae67fb51970c55f2645c21f210a7ae41de2917947
,,,,false,0x6e56378258e1d723b844f35a39cbbd9c23b188938aff8834bb087497b438fa0e
,,,,false,0xbee226a1436f4187eb5416e5955b66d7a962d95313de1bea656f2f1c44dab7d2
,,,,false,0xffd6554737fe5dbf09fb5bd9c32531a0285c7ed2815e3a378fc09b5115fa6672
,,,,false,0xbd91f9d46b4f0eb339e249f02c3ace2a3802855b0fd58f4e5072d5df0f1004f8
,,,,false,0xcba1ea755a924c4866598fa1e2f11ddc201af00eda05c9ac60215aff3b0427a4
,,,,false,0x8d773e30e291d5fa2e499bf33e6e1c40c26d8264ceede605e8955f0c4bc8f9e1
,,,,false,0xbb916e9b1673c3c48b677f483fc8679d0918e63d2901d28e207aed0668525627
,,,,false,0x954d9b3dd7e1f19b63b9d0b0c6e792c9e71279c48fa0f097ab21ea40ecc512b3
,,,,false,0xbad9a9a5c48a0c570c87f8cb19a688adff264cdd65fa431f38ba10b19c79617d
,,,,false,0x7f02744ad4a22f90e82d5f5b1b8a12b8e8c6b003cabe69d8f56da06fdf76d699
,,,,false,0x4590a3c69dd2076bc882e95eb1c8b7cc4262a7f15167838ac47f5ee426622d75
,,,,false,0xfb3aab4493ab113db185c5eb785a65790534cd36235fc4d85845bf5750275b79
,,,,false,0x6d77c04e9bec190e4f053cca5a1d9f8a4e47dafc903e11831c44cb73e3fd3888
,,,,false,0xd74c7af49b498a097783eb647ca85dccef64f4fca873d78ed4b47aa13bc83a8a
,,,,false,0x8660ea1185f517ead7ca250cfc4818ff20d355ae3f8ba36e809bb5798d3fff3f
,,,,false,0x269ceee1066178f9d49c1399c18f6a18792876f1195bdff68ad2401f1f52a5d6
,,,,false,0x80c0bcf4c596f95acb5a4a3309727a97516c6fd82845b5b49e0c361d387a4f1a
,,,,false,0x2986961639b1060441713e895a9e2066cd4ef5f1b06588ae3c836471545bd5c8
,,,,false,0x5f14f8c6e9a4af8b0ccb64b3b7c8efba1619fa8f27cfae36fae95e1ec13307d8
,,,,false,0x5adcda714818fb6ca474b1c7ed0ff00c89d677e9a5063712ab0aaab94ad190da
,,,,false,0xd8afce6e05600cf3660e58d190ed8855ffa740eb2649f20c7c32f715bfe9c13a
,,,,false,0x833c132dff5e0daec1ea32486fb05537667a0dc55c61e47be34bfd6fdcf2580b
,,,,false,0x204ab7ac98c707404697b17d1504ed0beb7a66e220ade30c487a2834af74f6a5
,,,,false,0xf07b609c78a08ebfc81ac2974031782ae09a5d4f76cb77876781641ddb1cb19d
,,,,false,0x4ae904a4c4a3e52ef46e97fb0cf1d34eed8889336a469e23652f6b376f830d3e
,,,,false,0x4b41e3e64f6581a2a93963499d6f494f80972aabb03453f7f0404bfca2bbbc9d
,,,,false,0xcc7fc615507f17a874a8611bf980231c6af11ec0faadd3b7d7acc750f782d502
,,,,false,0x5fa2092276f7b43020556e2e4806a37d2dbee51db9dc82ace4ba6ff0ec860f58
,,,,false,0xba99d7572e7733b450f4be7fe4bfd98f010cf493ed1f0b0236370043c4c7e217
,,,,false,0xea292e69136bbfcaaa08218d6c06f1a72a05416e9d0b3de04f0eb58c1104df49
,,,,false,0x976e7a85e35385d0b70e214d70b6187ba348dcbc96fdc9e42a341d2a89c2da56
,,,,false,0xe271b6de1fb807e3709ab85629fb34a80149a7152fea4045b69541ea9bf0cfa1
,,,,false,0x4be1c1e029fe9308896f13329bd919ccb1e536b137cf98c0d8d2d4ce8db3be52
,,,,false,0x3215417d67a93673060a2e88d626e245f331c90fe4db512ab219c11f6e3d5bbb
,,,,false,0x51aa50a4f08a70089ac7df0d708686ad76db7e45a4b139d0d60cc56a2675c712
,,,,false,0xbdf79af35ff5ad66c561342cc613caace2ecd0433493d1d948c60bf1e2f82266
,,,,false,0x90734d17b96b0bf5bf209f3a657ac5a54862b8c515f9be62a2369fda50769b9f
,,,,false,0xa58e7a71ceba3d209d21dcb6b481aefc4aa8045d9cb3ec60e4a55f1a7e45eba2
,,,,false,0xe8d05a05c60cb7b5d9b841915395d8df906f91f13f2c62e52ae0484727060bee
,,,,false,0xbb39f61090dc0e65a903e7ab70d43e64c536d462cd7a0716b76733812dfd467c
,,,,false,0x7a190d09e482b56e2774819e2ef972938246d9f7bb841771377a3d8be0025db4
,,,,false,0x7be1dbfee77e8c1a123065f65f4be788447f873d8aac27b44f83a4cde5e68400
,,,,false,0xebc2277f6529848144d3a1a2f9271ba70c6cc0752d018f80975d6a3bfd3544d1
,,,,false,0x117e8a07f0461f86e8967073ab1e271034a6c6707aeadea9039ef68638d65c00
,,,,false,0xd2400820cd7f0622f374e4f63326033058cc7e4168e078d5196324431d83bf52
,,,,false,0x25491b2e658255e38cd88b10d4c28d7e38fa063d5cd9d6278d7ae22067c34cab
,,,,false,0xf0d914e344fb9c0008ac857a22af5da043f78caf58b7389fa62cef84098db82e
,,,,false,0x7a1118ec473072c2adc56391cd90487760ae75af646459ec4dda089d761ba7b8
,,,,false,0x8ee86e3a2f0fdd175d38e91b7ea68611a9223c6964e6fb8bee4594ceb66ff521
,,,,false,0x93fa6a2bed0194d0aabbbc3a7b1e52bce0a93a9b1c3b1ab3f98aec0d022004a8
,,,,false,0x04e36a510bd8aebe44c91f015bd02eba6ba16d692d02ee2ae7f747b0dccb24a3
,,,,false,0xd00c0d959b120ead2e2ef9caba74fbf9774dbd65c6527568546bd63f9392b010
,,,,false,"
"
