Inserted,Hash,number,timestamp,match,txs
Block,0x1092b4fdc9657090999186cab7f43986e72d12fc4316cf9a2e80e2679b939b62,6361610,"2018-09-19 16:56:51 +0000 UTC
",,
,,,,false,0xcb2ac5cad9943a59a05fd399197ff1e6ffbd80aa7d251c29090ad8d25b9ebbef
,,,,false,0x2638ec817a02078641c4946845a5f56b6ce8c2fd1c64d868f64a92ef2edc4896
,,,,false,0xf36b3a979404f826eb1a84c3cb7eaec29fda9b3ac92122310806f5ec9bce466b
,,,,false,0xe4800e2d3160729ffca99fbc1a6caaa78adfda371b5cd01d6aa23e3d622b546e
,,,,false,0x935a6fe87857a12d83ba3a9b0a0901cd21506e5d9c7450fc01185e97800893a3
,,,,false,0xec6fc8c9aec880de9989d16c6ccd8c553e3ba9657483074396df7a1923ff33bd
,,,,false,0x027dc4e92a766cea7c6bc668e5df765b235e456d1be0cb8a7a25b87b3d4df072
,,,,false,0x1b0930988a5e7356ac726cb1e2c6d8677697d389ef7400c6e764e9b5649c3ffc
,,,,false,0x0f10cdd1514299a8c6c72ef3e0c6a1a1a3674ab84b2e94a04306921a51e0a911
,,,,false,0xbb2f1e11a382af89d63ba475b2658e564d0a6aa90149a7e095a1afd43053db99
,,,,false,0x6cbb89045e0df2601998aa5b7b8863ced6e8cb5b2404bbf014dbc599911b1f39
,,,,false,0x38e536dd35065f2bf2386872d84458cb08097569f5d66cb3a20be5f8b97b20c6
,,,,false,0xcb63423328a96227839bcc72f473d7917e0f4ea12143a1f2a2a68955eec2bc1d
,,,,false,0x61ad9cd12a90af2850177f160b06210cb002486587924607a662649721285e64
,,,,false,0xba270d6da70db6029101f5707b4799814a306e80bab3f3b9b43843ccf9b9321e
,,,,false,0x76a490d97aa4ef5fb0feb99b55d4e91058759cf2764e6cff8abece7dc9205a79
,,,,false,0xa18bea9656e6dd90ad104efade90514f720403f1f826e4a016df798b9b940ae9
,,,,false,0x9daef638e0e7c14f7ef1316c0c3a33355cbd76f92ad5b7f58e84b37e6263b2b0
,,,,false,0xcb6689e8583eea78c76eb1cfc6e740edbd00db60d4c0cc64786c5c8109760baf
,,,,false,0xb49ccda4d0244460a55da7a4ce0eb9c7e797ab177e26963d30b0f958bd399f74
,,,,false,0x4564c19f46527357ad192dcc0bdf31913b7f1ab0f014ec7aa5b1892354414c66
,,,,false,0x994fd2e610fdd037c6c79700ba47d491100124168cca7606874f202d7e36651a
,,,,false,0x134f5e6b7de72cbe8d620db0af7dcd14a102281f88e24504b8abaad5652ac562
,,,,false,0x6878c1ca417fb4194914eebbac899fe6b85aa3b299d60f3f5068e58403775459
,,,,false,0x842e2195ccf5e29b9f6eb2006732cc2fb47467fe94eb694aeaf8dd951660da8d
,,,,false,0x17ef71fb74fd7a18ba43a8bcb4c7e5ccfc128e7c276473348785a86fe7ffb9d9
,,,,false,0xc307159326f7bd12b51af9dcea05d00ec049c596d357c8e167e41acd8dfa2297
,,,,false,0x11c03d1fcb1ef476d9e0655f8d1aad49d908ed7218b3633144ba2d08d6f3fe26
,,,,false,0xf526b680c8ff42018ddbcf9b7492d17733b7cc7484e818ce74ee0ec0c5d5fbc7
,,,,false,0x051b90b2ad9fa26871feca647c3d62dd876ad1fd384e8a9e80a156fb79f061f4
,,,,false,0xed47a4ff9b079df1cce440e7b4230cb0f56dbe171d1a7919c7d33c42e7ae2adc
,,,,false,0x7a93f76d78e14761de09601c05826882c519adba7ce92f02e44bdc70c9db8e19
,,,,false,0x798db3beabc412ff13c167ec5f3a64f412d0faf9e55c71bd5156fb8bef7daa8f
,,,,false,0xdd3a194f1637ee188403b337b48d6cb317c428c4028d423e0359b5286a11b60b
,,,,false,0x5b0ab925e1e2ac638990b79d62363c0879047fca048544deca2142cd1228a364
,,,,false,0x5c87671a6f06be2e6bac3a063246e6f0a56b49aca5df552ce14fee2dfee5da50
,,,,false,0xea3759f5e57349e3e33b869647dbe99a0f8816c094de5260e10cc24ed951413d
,,,,false,0x645aff63d5def4038879650932748205b34cd947d6d6fc1e873e0414ca1e3bf8
,,,,false,0x6f84d38a2cc1c67c24fb844e48671819ff9c31a6db7934a7d3e20636a3b33f20
,,,,false,0x03700f9757d49c6dced8dc3c69590afd4a6711a5c7fcfc37ade0641c15e1b15f
,,,,false,0xda2174149685fed45be54683a273fa51407285b4ec62de6b934543aa2833f671
,,,,false,0xc867078e5e9db56d2cd88ab55fff44c4f2aaec36a0f219b3abc09c8856857619
,,,,false,0x1e8ea2098b377c5d358e2d5f73b9cc54faf13f8ccdfad78de0bbfb34f29ef966
,,,,false,0x528fa9d1c796c37327ffd5c601287151ef46cbc3d6d4e9b5753941388d04a353
,,,,false,0x60442eccaa854de813b1ac678575c40d18c9f2f247e3ef5918548e3bad364fe1
,,,,false,0x53dd74a944ed6bc7df8f460f76df220356460eb1dd9b81168b22a4b41b8e60df
,,,,false,0xd3628e7a940751c64022350ffdc9e9bef062921c99943d9a90bf03729f746f5e
,,,,false,0xa733fdc987a6de032d43d01239779fe3ffb278356f40273a9a0006a1374c3b5f
,,,,false,0xf57d6018d1beb314bd86336a08c102f10c008825a56cabd90e1d85feb0409284
,,,,false,0xc0d5ed642f2923483f0593774ee6fe8818a793b20963c09e1fee56e88076a5fa
,,,,false,0xf51dbd4e0a0615085cd4fd9f530168de264ffe674764647a1fb6822b65694e28
,,,,false,0x03d34c73ebadfda71fa67363306af70ede24f53d0d360ae324eb11344cf34df5
,,,,false,0x76bfcbb43d6115e20fcdb03d296c1e24e36be726c26aecc552016bb16ebab011
,,,,false,0x07103bad1e9d37de652c315018cba5757a7301df60e90354c2bc63786f152c78
,,,,false,0x870148ed1722925d902e2030bb872443b2d5cc99275051568ea462ce6dd87d9d
,,,,false,0xf517efb372245489d4d59d0982e7ba95d7ad52c4e88a569f30ad9c689ffceab8
,,,,false,0xd12603221078654424c0dc06403399f28a0095dc6185750df71d8edcaf7b366e
,,,,false,0x315f28aad398b712a8fcf3a311e323a1feb3e7cd38a0ff5477e33d26db134f66
,,,,false,0xb599808253847dd5af1c37a1f56a253bde8c32b8a8486ef437b1f6762fdd0364
,,,,false,0xc21cc2aa8a7a52faa9e4f7fdc51cbade863ac3e4509d9b29879b0e2adaea39b6
,,,,false,"
"
