Inserted,Hash,number,timestamp,match,txs
Block,0x0441f5ace44132ab04bce405eaaa88cc4a5703162cbfc50f9147a855ffa343cf,6366134,"2018-09-20 11:00:06 +0000 UTC
",,
,,,,false,0x099c93f052b7b61565a63f917aae65aabf368d227cba758158e5cb3c9835f48d
,,,,false,0xf667dbf90f675be82b353a3a762fd3feacc50d5dd3ce459c4cd457bc0051ed3d
,,,,false,0xccd04c79ae2ddd0e86f3b624e85894f477dc3a06e15ade17c8afef6fcc7dba42
,,,,false,0xac16d4aa0498aaccc907c735ddce19a6407a4bc1c84476d88fc2d57ce7073db2
,,,,false,0xea6bd10b2695c559c04eca599a9d172238d9e6f71433499f19cf0a219c3b86fa
,,,,false,0x3527ef781ce62db2c6649e6c04d087e39e158b5e9ab3598047f2f4ff57e77892
,,,,false,0xc6fa467f5f51ee49260e912ddfb828d911a02e45094a720f8ac37824f8864e47
,,,,false,0x41e67f1194c7dd114ff3e9fb066f476a0da77fb6d868a2e4d335ed43c463f525
,,,,false,0x59d889ac8b34b4d6f59bfec0e9118f5063e0900e6a1c3dcbdd8536fc1ad61769
,,,,false,0x529bc15874e9f1eb9b5a9b0ae372f92d7ca6f3e6bf16abbbe4239186cebf5658
,,,,false,0x63bcf10e2662c9fbe1ef853286d2f7f4d349311fe4dadbfc3e5b9ff2b2c4eeae
,,,,false,0x7fee60ef8289d1cc9e874e1be4ac0826432222eaecd824473b1c9753977e062d
,,,,false,0x9d43ae94d3d9fb0bc393c44a414e3fcc8e656d3357c35ee5b78aca1c5d00be9f
,,,,false,0xd55e36f92643b58534b3ceadc06b6070326172bf4a6945b10983eb794c5a0ede
,,,,false,0x237c55189dd0c41c2cb495a70ed9612a20253d0ce2a878e223ab7817b42b4e62
,,,,false,0xefe6108fb11ba7f4224160218308116c3ee53c61250676cfb4807ea346986c29
,,,,false,0x526f67b4cb72375d4eef9391d779e49ecd4f70dc84d53a546e22626cd5cf42fa
,,,,false,0xed17a0f616e87218d8951a7cc931d9ebcd001cb24e2aadac8a7546e0141fea30
,,,,false,0x022cf649be0fee083db3337457cc4c7593774a3ade14f961503ca23edd844966
,,,,false,0xe5c99da21226765c7ee8d5dff0ed55b560edd44da6656d11f0cab96e7fcab988
,,,,false,0xcfb53a35ab7e4743a314111eac5377fc380ebb3a6d0f614c1ac8097c722a31af
,,,,false,0xad6047502f3189d6ed15ccb325558bda6d34eb432a9ef7b57a39d8b8431af6e0
,,,,false,0xf669d3e8d64ef007db60d10f5aca1d6636784b16a872a518d2c4a34d1e92fdb2
,,,,false,0xd488088ee8a19b4fec6d2dbab6b98a44b7e3241d3e2290bdddc7e252298ef435
,,,,false,0x674890ef77046bcab27de47232eb17ee2b592f246b0b1174d818ea4edb44ac18
,,,,false,0xaae20a886d7fb97f729353f89ff01f3ae3725031b42abefb67e4da86f8313c9d
,,,,false,0x7c287a2e7d44389dc6ee8a55380a6cb577dbc024eb18f4a5669b091e370fb247
,,,,false,0xbbf81e4bcc117c6f81c583ffd0d9f4852e7aa66dfc831a8ace464fd0378b2385
,,,,false,0x2c2baa1699dc9ab59f0036326fe72d4875734a7aad4a9f02be03ab24900a0e50
,,,,false,0x49253d49a63ccbb8fd7fe4722315b5d579cead0d5e30696a1a2210be433822a0
,,,,false,0x4dd4f6a61a883eddbd3bbc6b29eebdaea0c9360f0992dde695a62288a7698e0e
,,,,false,0x6b21923c1fac8df8e594ca17fb5543a9f55edc5b8b959fcfc3229ed7cd643dfc
,,,,false,0x20ad2346edf9b150e2ad5cfcd84b8b3ae66b37a8912f3dd89895dfbae05edf6d
,,,,false,0x24bc0de11e3417c80c7798c6de965fae34a2778afbf0ebeaea944f28adf811d7
,,,,false,0x69ef954c1c4b2dee08104e91f5c35d654859f53d6370a82d4225ac97b62370f9
,,,,false,0xa08dfde8c354439c2746c459755b96cfa27e278077977682c9a25f957dd2bdbc
,,,,false,0x07e89cb3207f31a08143d1bad744dc258db366220f4a6a63e1532ef9cf9669fa
,,,,false,0xca6d78b54571d34a51fe48cfd640406011346bf628c3a0c22791aaed92898581
,,,,false,0xd7cd651ae33be99a6648917ae69a5ae87ab8865d4c4721a41a67fd426073d62f
,,,,false,0x771c172afcb3e73a40c437985dfb92cd53c288a35d91bf7b2fa2cf51dabd7736
,,,,false,0x9d7d1086b7ce82821816801206ec240f11177aef386aed25575f50d659f8a4fe
,,,,false,0x1fce1162950cb9cc5f0aae4a7a9f6ad3942f2f71b3d752b1d441e3727178f62c
,,,,false,0x5723e0c342008fc7b08e00ee9e9510b5c2b7f5d708bd3f7250ecdb654c2edfda
,,,,false,0x457032936293bb3816464c16cb107bfb7fc2d95e31c4c299b86a53631a90f6e9
,,,,false,0xf7a6f4fbafaf9a5e526c2d31d3171a33016486d5b621d143f2c08eade8531f39
,,,,false,0x9c071a11fad9b06b5850e12044da310084b6015725a32f6cd5907de1d74e5f9d
,,,,false,0x37211be01c701bc2969cbe519680c41c6fe900e4fb7e6f05ca83b0d03090ed5f
,,,,false,0x94cb5e63cbfafa495ad56292c8c190784afd31062600c3bc00e571f125dd2bca
,,,,false,0xf42c1eda4f09f668545044f1d8e4149a9dfed6485ec84df73d9ade66823c51e9
,,,,false,0x932e76fcf35014363fe5b99568cf1f8be7336755cffc5986ef365bb46fc05308
,,,,false,0x6bc3c569f8eab53214f195be4004ec2a7f5c7f579d26ad8b99288c33398f58cd
,,,,false,0xc89043635bd9a8032b7ac3df720b52d952aed1726cc4e3b098ea09e83dd5f392
,,,,false,0x9b7d4730c3e65125b8fde0f0c909d314507cf63fc3395c55b2af14fd119f7577
,,,,false,0x0c2b5a3d642d7f0ecca9b5c6e1fb09966a91f5e4907d4e871ca3336c578d5f46
,,,,false,0xcd2241a04ab0591da0b3d8e0a33761ea488659ca1d734ef626ee3a2657095029
,,,,false,0x960881440b729fa543ab18ff2a948821a2268289be07db5db24cb2da09a88b49
,,,,false,0x8440f3ab93d44d3ec6e83dcbb6fbc0cb8958ce4710870e342ceb29c7625ba963
,,,,false,0xe100164708d14d01a6dbd3697f534e4a2b6e854517879cbf99a18e99cea2ca85
,,,,false,0x38dc7852c564d4ce4901eee8a3c452eef8bfe4faa5c2bfec2c5ac73f4ce5b9e2
,,,,false,0x69a277444c35fbcd3338ebf01f875e4d55828a6b9391600d8d81ec383a873916
,,,,false,0x4b68f5490d40edee9dcc8df2f107f909002e8f7d28d4a734b788b7e82b15c1a4
,,,,false,0xe0bc01a4bc7063b14b8df6c337131050cb9531be59a705211d763df987d384ed
,,,,false,0xdfdf43dce4271620e4964cc767dfd3ffa2678f8b7c4cc8d4a1ef150c972dac4a
,,,,false,0x7105ff34363c0213b25cfb420535655569db754860a6da3b6ef0f5e14b1bbcb3
,,,,false,"
"
