Inserted,Hash,number,timestamp,match,txs
Block,0x670656e2526780499739b86e818a21bbed1759555a9125c59a03678fa670a01a,6356215,"2018-09-18 19:50:41 +0000 UTC
",,
,,,,false,0xa0ff157bf8542251be72510571467ee3fb308ffb399843cacf996c4c1432e2be
,,,,false,0x42595af95af102443ba6f8626cfa9628573609b439982b3e5c1bc46cb4104665
,,,,false,0x92e991afb331bf532ea82edb9302ceaed42eb05d80fa1d16eb0fc2c61ae04925
,,,,false,0xe58ac8870d5d6ed82bf94293bf1ba30a55f277d933c6a4d7ef5be0341db3c751
,,,,false,0xe6257aa9fbbb629ceeb403d272f6fd3b6dd8438c92310ac51bbeb82d6e537436
,,,,false,0xdccef0a369f5c6760058f1c0cc562f652dd19a6d527e45934ccd634be27c0406
,,,,false,0x3c11cf7b86a49cc31c3d4abeccf413c72254b0ea5605df7598b56996c60506f9
,,,,false,0xaed82754a8668421481721ae8972fa08bdacd05c39a60e1a2be8c6fc4e9bd942
,,,,false,0xedc31db49e562c089cd6c37f787c70918be7ed08df9a5f1fad40909ab414cb08
,,,,false,0x5d0351cddf37ddca6dc4224a2bb699957d1a7d71ba9116a83dce52cbf197ad8a
,,,,false,0x1161f2219fa3c2df8f56999d4707d7e96697257cddef111170923e2fd3dc8e46
,,,,false,0x8544cfedb525b559654e4e35d59cb177ecc3eaa17f04f23159f0a3c4e5e73290
,,,,false,0xe3ba63cb494bb43d2e4e59db3165ee942a3b789e8c4b1a93733bcc95b9226c43
,,,,false,0xcfb138bc20f2576b4d0af57a1206420724b1e998d67fd973b8610cc583ecf6f7
,,,,false,0x45327aa4f330dbe158032a9b9cc04394ba6e086b0b628567f7b28755cb69dd96
,,,,false,0x7eb072c131412078f58a95b7215d45f9ba89c98c3ded2ea81563740cb97b961e
,,,,false,0xf9d9251cee89d10870b1bb5e048bf76715d796f989700826db14b0015969e727
,,,,false,0xadd294e4a02a77dc9ed1409b61b917ab18d177b80ae6b79a12a1b4e55d93c4c3
,,,,false,0xe64d0deaabb6af5006f0318c347f35793f1f63322cb4189c783fd4ee26f90457
,,,,false,0x94e6057e1187854b5c8d36c648f54ac3fb83b260fe88ffbe64fd287d60294203
,,,,false,0xc2870db03aec7a7522c24b5bef6a83bf5ab31938b4c77fbb1d5253611c899237
,,,,false,0x1540124bccf68360fde04fca34159eeff41a5b5cb89bbdcb54e80c7b92f9e236
,,,,false,0xfcddb8235b7fb48cd685e9fe079c463f81c2127791fbfdad931fce3004472585
,,,,false,0x6034062a6a9c97e2c07f772011fa12e34888305a1242fbbcb5ba257ec6c929c4
,,,,false,0xf1fd9e7c56049c89b11ffebf23ecbcb78d36504d80674f06de900edf90842af5
,,,,false,0x9920857e44f100599f891354e74603e5934419f9573d38c76616f4c7b530a209
,,,,false,0x3ba6c57754c1cc3d0af0058ab1bf5a608c74065dc5440b32d6fdcc1b564f8ea3
,,,,false,0xd102e219523e5bd5684d05b79df6bcfd1f031e3a73ae488bcfb2612784b0ee12
,,,,false,0xa912af9030b7706939879bf4f47136849f9527556f1d7134ec62cec3e733f67e
,,,,false,0xb0c2ca6b24b4d34ffeb106b5639545867238b5f306c277e77c42ee2c7a257f02
,,,,false,0x2f3971c9c10665dcb5fabd4472ce1bf4767c03325ddabe38b4f323d6c5f2bc10
,,,,false,"
"
