Inserted,Hash,number,timestamp,match,txs
Block,0x5f36ab04a929c5010729a3f7b24b88777c44d100b8a378ee2e09d2fea095d1d6,6357813,"2018-09-19 02:08:54 +0000 UTC
",,
,,,,false,0x4f07a0ecc4e5a017fb218b29787034bfda02de5ff0b6b745902a8cee240d9d9e
,,,,false,0xcf70e58fdbe4f0244cc51f97e3bc0f2569babb5a076dbc57e542926d55c241a2
,,,,false,0x823d6b6c1a6b9991f53b23ee7b04c9f2517ab1fdb071240eb294bb7a83a788e5
,,,,false,0x518914997f729e4846fd41f605ad48bee50374cefc1bc7cc6e5a5f6496352bcd
,,,,false,0x3dc1757bc85a61be164750d07926b7d3ebc40dfa5bd3b36a8b3f8df598b238b2
,,,,false,0x4ddb8a607d5a8abd6bc43c2a4d189d14b60abdc35b858b977ec1c76b04676d20
,,,,false,0xa18b1fe6e43229b2495c28bedc02c044be8a4351512669833ceeed9e8de46fd7
,,,,false,0xc34f5e3fd7611392bb6dbee30cf14977fd35ca02988f8c4ca6b447e2b7c92bb6
,,,,false,0x6d7b511e4f4eae7bf54ce55f9df54672b7d86cd6fc91877c04a814976465d92c
,,,,false,0xd5a0d824d9e6fbc8bf7736db626eee1064ff064c5b0775c5b221d428b845bc85
,,,,false,0x92f28dd2c0bef67da10f80cc4eb6df370b45d7450062186abb88e787ffe02e86
,,,,false,0xfb37f8a8eb41047afbdc72a3a17c6346250a3860f9dbabb8810bc394196058d4
,,,,false,0xec0bafb60d63aa51096813bc1772787d4478acda24fccc0d1a8dc493d7c388b7
,,,,false,0x9e8700af535a87b35b7877bea0d5645aeb9eb3d4f4938bbd1a61657d45ac92ac
,,,,false,0x44b87288b70a5d0ee91a5c7d32725ca2c9e2eecb1b8030e7a50f5ba9c35e286d
,,,,false,0xb4e47f10edbea65619df3c23b9e75f6f63d94e89da89a7f188b299f18aff6c05
,,,,false,0x44e8c83e6ef675675220bd27b312154749fb1b06fd89f6f0de645b869fef6fa2
,,,,false,0x7917b052262a2268e7b6480e64f2e84d706282808b4dd0b94924a62c4d778a81
,,,,false,0x18e2be206231686f10739e4d37eb4877490df895fa31c28bf51d6d72ffe59595
,,,,false,0x674e516c66031a1b92d8795a5111be02cae4ee0d9bf1ea285290efa16d8b3bb6
,,,,false,0x9470757bc22fd917bf8ef81c681df222a79c4ca7d208299528d0e277f2ab9810
,,,,false,0xb2e0a551cf4cff17684dca25b167e10709721d5babe311c8c183d2958805bc13
,,,,false,0x52b4f3884dbd51e19ec3242c98d7e24d258174c002c5daebede1623941de3834
,,,,false,0x009cdbdf6fb2dc5e081680669c79f809bfe65de74c14a34655e2ee33d4c025b9
,,,,false,0xde7e4377838412f757cacf7ee226d39abb65da150b5dcf7a8b4a40247959324a
,,,,false,0xd12ee5263e1c62e7ecc8eee2322448b24525911dc9d5d52550db7639af4c2f7e
,,,,false,0x8ebf2386240e729697d971565353eb63af3011bd94e64d64fc807db291b4ede5
,,,,false,0x32db81d56d3596ce0fa0eaff4cccb13e273c0cae7b5ccfc86a88ebe2c21ee613
,,,,false,0x35b3b56831e234b233e1c21136d355e3079e31f2eeeff60162b45c4cbfd1b75d
,,,,false,0xcf6a722337781b8ec7ba9fc23ecaecac101cd4f86c16be2b3966a3549ef4e009
,,,,false,0x345d2db04319eeff1d4ffd70c907673547a1b236c4322e9320d6b81cf27d9f4b
,,,,false,0x94dd06de16237ee14869ff02b0f6265d5405e97dbccfa40a47536308a67d1c85
,,,,false,0xd6e2e91bf0c8d255f2cf41721513bd2b3a49143fa35244befa60a8f933ff4227
,,,,false,0x57016caf9184a83d6eb7a561620dc3c1bdb79ccd267c48be2b7b4bb3cdda18c7
,,,,false,0x823f7dea2a00681384496eaec6e81cfe894022359d2987b9dfa21f6260c2d3a9
,,,,false,0x53dc2dfdaf9414055b9aca0ccb0c936a07f2f26301aba4f67b7db5b36e80e28e
,,,,false,0x37eb9b7ac3ade3e83c5f732319b927c285d92ef7be726fc946322374c674a523
,,,,false,0x284702dc2b60cb5ff5241d25ec2ab966c4f8a71a8ea18595cf63a0b35442a431
,,,,false,0x2c588cfe6d6668985e329aa3febddfe105efb2e298e1ef3d59a20d060f8f5698
,,,,false,0x5f09e41830d6facd51a592df678286da420195abee41395eab1346d5c7c81666
,,,,false,0xfc846825a38084c45d4567205d98ca4823d4c7cc51ced0c20f558411efc6265c
,,,,false,0xd4934f2b72baa045e4aa891e08cd2c57c6bd85859cf129a9b8fc48993e01f1d9
,,,,false,0x370b8149b5d0dd8e43ff8372f69a3a94e2bd0f53cfa3b12be969bd7a17890fb9
,,,,false,0x76856662d3dd62a2acdf61a0df4b133de67ea26369d4f3c4fd9a48b3c6f49bb3
,,,,false,0xae6cac0ca5e53461ca57f6877cee3ed345124d45b5c4b710131a875859d381de
,,,,false,0xc31d9b0c691aa359529c6cc3d02db367013edbc8be7d3098875242e73938bd40
,,,,false,0xbadb32a9a2f372ca2d39fdca138080ad8a640efd79e3c08692440537bedc02e8
,,,,false,0x1806d4170b839bc039d461d7bccc44c49cd342008767d5a0ef78b8bec1fff87b
,,,,false,0x28609ebcd086bcc5ef7bf8d96b53091813de9b587637f5d16631b76285b72d70
,,,,false,0xafd0c52a95541c6805ecfe47ce52cd623a77b29dacc066f1b33582dca3fee597
,,,,false,0xe0e8ce4d1cf5f4d7d3da14baa694a5606dd727d14ea043ac3ad7e22cdc78a786
,,,,false,"
"
