Inserted,Hash,number,timestamp,match,txs
Block,0xcd4ec217ed598920d04a96402d346128ac74d929a6083e2cfda794f47b15027d,6386553,"2018-09-23 19:58:01 +0000 UTC
",,
,,,,false,0xc1985833e9b3bd87e12d059466397e88f9b3f37c3159974d58dc2fb14ec437bb
,,,,false,0x81a9e55df2fb28e22e65df621c1b8c6bac3ca222f848a99b4c70fbeec85daed2
,,,,false,0x1b3eccb535322224d2f19ac89f51230010ff989a50844b740b8ef9b49dc5c7a0
,,,,false,0xacacf9afc9f2897788b0cd809a15b4016b3da204833181fbd8102e98f4bf47eb
,,,,false,0x10cf459bd751da3ab70a91330e51a3a04b81edaeb2115fc4b70b8c2fd33f6fe7
,,,,false,0x0d2f2c09a182ace18919f62916332c10a7173bc78a20bf6dc022c5bdb39126d2
,,,,false,0x2671df4508747877f137dffff996df4cbbe4bfab97628d141330593a7671b20c
,,,,false,0xc8d6f132bca97fd5216a2a552f23de81a0652aed49483fade23bcf391b62b8de
,,,,false,0x803b8edb24a215ee9467801fb5c99fe5838d520fe016457e7f0d6aedcdff169f
,,,,false,"
"
