Inserted,Hash,number,timestamp,match,txs
Block,0xa57d987ab6cee794c9c638be0e6a2dd5f0e03f69e50c933195e14dd238f310ad,6366096,"2018-09-20 10:50:00 +0000 UTC
",,
,,,,false,"
"
