Inserted,Hash,number,timestamp,match,txs
Block,0xa1514c901e32ac9ccaf40bf2a528863a307f6816d7ab35e87894fa42c26ad3d4,6357236,"2018-09-18 23:56:45 +0000 UTC
",,
,,,,false,0xad539612dc912e76d8723b0a81ff173a574ed93ba5c4b50a3ca9021f11171a2a
,,,,false,0x9b98ccc33b5a8c68bf68fe312ec1285c580389f1b9f3071dac9004e6895c45ad
,,,,false,0x66851a0ccdb79869dfc9d9440810e48c793a245b9015bc4e98204348482ab934
,,,,false,0xcab227d49c0dd695f2050c85886487c6cf6be5fa495e87d7b0008cdd4ea1139b
,,,,false,0xdc2d22a92cd96817cdeabd1053cce1698df10b264158ccd2ea448e4db6585f57
,,,,false,0x931f347c5fd507fd1080f97339a603d29ac2c80714ae6c4ff4c019449da789b2
,,,,false,0xfa563a5bfeb959f4b0bc2e15ab04aae9a8b66a75b7275c8df5bd409429b12cfa
,,,,false,0xe2eb9a89167c1a5e6ca2be50c830d0d4a9db5d42c62bfdb58640a6e817853e9f
,,,,false,0xe059c57a21dc824df0301ec648390c8d02a31db1fdc95220b5f168e20497afa0
,,,,false,0x304bd43025d93ab109dab7b9d21bd783bd571130d680412467f454812c7e45ee
,,,,false,"
"
