Inserted,Hash,number,timestamp,match,txs
Block,0x0c6739f04ff9b8caec4ab507e0ef81cf61ecefcb4a9896673e5dc873bf7006c5,6357931,"2018-09-19 02:33:45 +0000 UTC
",,
,,,,false,0x34b7aeb8021a4c5444c94d151303debef8d87de512c38dc3902640a94c29c3fa
,,,,false,0x3e60dfcf90b8dd6c676fe286f05dd922d63bcdcfe0cc8be92d9f8bceb8f9c6ef
,,,,false,0x3ef199d0002853ef8449921e6e80db9ed8a9e1191f28dda63132b529bb8bfed5
,,,,false,0xb2c5bbb407f1a125ae50677b1a23eec791a3a4509fe50b775d42b7f8a0947b76
,,,,false,0x4a55e152a3732f94385cde06c089eb6524a1562cb21c1a032918d9d4c4d00005
,,,,false,0x1193f796247d103aec68129073bcebae1b17777bc9d18601da52e3910347b3dd
,,,,false,0xfbd36d07e43ae5751c3ba0b8d41ab2e718809f442d749b0e02bf8db5aa42d93c
,,,,false,0x37445cf07bf3e744aad3f8d61efa41f435b7e7edc70822eeb91797a42d0c486b
,,,,false,0xa3322c5b34e0a364b40231316ab4e66f7cc43e3f52ab364c925fa820ec70587d
,,,,false,0xc1f6948d82a6f1286f8c8e57f22cbd9dd688b5357282412bdccedcafd8be4693
,,,,false,0xc458cd022c6050a04f5066c94ed0427b418df1fa185aad396a68fb86de3c2bca
,,,,false,0x31fc356054eb9dae9dba98e42ac3aaad7ae832c5cb807df9a8621cf6117ff978
,,,,false,0xe5855f1c2c4b2f2aaa079074c526b650aec6ca5a343a06e201889dccc39d2be1
,,,,false,0xda9f5faef2eda435b99d8477b437e6ddb75606a2dff161dbfb5d82b7c04a6b70
,,,,false,0xafe4071428892c581b04da45fd1ec064e811f2e63693fb47612dff576f858156
,,,,false,0x87df9fae5c80a8f5633c0e222899bf3b2b134620fd0ebfe009ea9cb8c29c3e09
,,,,false,0xf4d38034e6c1cf5e1c543d17e8d6090206994822e333f6275a04003fe800d2ba
,,,,false,0x8ac29d42bca25f5f973dd754460695bc6bdf9b557cdbf59a5faacec797cb5cc8
,,,,false,0x334123e2cdca86f20e51227125e4e94bdb333a863588bb00a571770e0b7c2cb5
,,,,false,0x10c1b1adbb8ac4714c814d3c13910af649e2224224c85be29f72e545b14d1bb9
,,,,false,0x2a7d7e4f1bee860dd48b0d00412dfc4c934c034ba095bfdc7e7fde695685a76d
,,,,false,0x58027ae73354bfa8d26caf309088fdc183a3872e7193e43d0b8edd212a10048f
,,,,false,0x254a222c30afc426345788279c3f27f3aa0a1943f2e109de336ff8f063b7b3fe
,,,,false,0xf35ef484e7d9311da57fb9dbec2f9139ccf01cd0a99281a0030ff7f09704c149
,,,,false,0x99fae138a5d2e9d7a16bfb0b7dcf6100a711c3f81278dd2e670e00c4d7db5091
,,,,false,0xd52d5d85dc79626df92a7457e8d48a239bbbfddacd42dfde3065799e499cac72
,,,,false,0x765261ba8df45c85cbe06b658b2acb4bc1653f43c4411ddf249902bbdef57e0b
,,,,false,0x6246071f3682b6ceeac5a779dd3113f6b301a3ebb10a42c5813bab15bed6485a
,,,,false,0x37294f37c610db384aef108000d46bd2fc55c2bb0552f5eae4e980624358666c
,,,,false,0xb2dfdcc4248bfa853a4483a9a74015e0105022071c39413e93095d576f8fd1f4
,,,,false,0x4dc30ef06018b75fbd85b6573c16ef8b98bff8205b3500d5af37ea33416c6dfb
,,,,false,0xd081b8be849f2c55700170624ef06004cdd8a5c55ccaa8946d16e8f94b1a1fe5
,,,,false,0x505d61b2ff199e60de95987c3030ead2cc095f9bedee3f88be1a1e6a39aec5df
,,,,false,0x054f22f2574308b8cc8b2979e301ac60b036b5c97cb49f5c38d16f3f37e75d21
,,,,false,0x8f0f95dd98a7ddda2a507eb38c5777b69db09b0295f3ff599179900e90a2ad52
,,,,false,0x4881e84a0e5744357d0e752d983c40926474dccdfa664d8dd5b47e4e43465e5b
,,,,false,0xed5b9ce7b71d00a0081f0f1b6432e33ca96d2dd93ef04d701b84ce965d2adebe
,,,,false,0xa6f40e4b9164ec01f5910cc80d7fe39b38d3937c7b59d6ad60e4e95f45179433
,,,,false,0xd7cf7d1fcb0c3be3a9a27867a24e6c551d3a8b898dfa67428169287e5e95bf3f
,,,,false,0x57b574491632959229a6fadf72b15a073bb95aeb28aa7ee4af6303602edd5c87
,,,,false,0xb3357813acfc42b977f194fdbdfbb60bf4a58e265b9dcfc169b71b6f00c5432b
,,,,false,0x824dbfcd084a48fafd6b7eb61d411b73fde9200f5ad7f708b90f444e99dff8c5
,,,,false,0x8587ad7a2f02c58d8422eaa9f31c10634522b06d8ca2777b829d88ea6c32978a
,,,,false,0xd31bb93916662fde2162f4403434c2e5aa2af4f34a1678b578a0814359e7d785
,,,,false,0x50b5edf4a85c4510e35a2ed3d4874ebdbfaf12a1575ec4dfe3b5a975cd68d71e
,,,,false,0xcb65071bf0ba30172085b73a5f4a92e6df7221561ec750e94bd8fb6e5528b416
,,,,false,0x897ff8aa7345e5ee7a417b74d16e8cc962641aa411fafca6f890a78ba8412e96
,,,,false,0xbe2e8b1807bcd579113809d637d9ae674517e1c959b8df632b6448b7511f06af
,,,,false,0x9048ea797f37af7f480054760e278c8a17184453a3117637fc0ff72d89d0f7a2
,,,,false,0x86ea6d102654d7ba22d4b3e7fd62e12034d09761defbbf6e9b6d3e43dc14af15
,,,,false,0x729d458f974ba9ba5419e9fcc97058bd072511f829e226dd459d1bda6c8f3953
,,,,false,0x3f0ed2b68e7673854733844840365bab51a065b1cd7905c5d1a769a5e212ce2f
,,,,false,0x8a72e6dc661fe8c729f19f9f9e0397c2cf3e551a2acbe35492374504a73f54fb
,,,,false,0x47701f9c5ce3d351336c027d559ba4a69cd4de613bda550c5ba1dcee08f6baa3
,,,,false,0xf695f56fba7cecae7e188291a1bb527477faa7c13c95170fd06d0f3c1cba06d2
,,,,false,0xb65f69563ba8d0ff7857db68274ab6a8cd32185fb8def4171a6559179cf75bfa
,,,,false,0xf586d4c5056a76cadf630aad38767828e6a1aacd5a573b1cbe1bde13bd9e420f
,,,,false,0xa286421db9beee2601f65983baaed61dfc6123ec162ec14f8c4711d925b077da
,,,,false,0xd060632f4fee674bc21b02b173885c49e2b93e21df596db725378d4803b04ca2
,,,,false,0xe5ed2bf4692e7bb02994a1d902b3f1c0f6d11c092c3bdd0e4cbf58ae1b0acc2e
,,,,false,0x5aedce1c0131100a27457ec42a730edd82cfd921afc34b351347efd471e97d2e
,,,,false,0xc760215acee6d1ff111bd52a22cf97f2d38d66691d22d06dc606c7fa5ae0a96d
,,,,false,0xf7116f5baccb487ea6a269fb720d1dd82d4976c2be489ebfe860a2ddb7fdb3e9
,,,,false,0xd904714943d299636b2ad4a16835fc30724f4011b68d228c3a7b57e5c00426be
,,,,false,0x4d42eed3a6164a3b2486359bb4e3ab671f4984a1fee51d7e01b3c3e2b0304453
,,,,false,0xa4c5d5376ca6dffe37b01000e3946b82a9cb28b0bff3d5599310e6039ee04971
,,,,false,0xdab12b3116e4f8f623c2296705defaa63dd7055a44572fb2cec5482a68c625ff
,,,,false,0x87c81bd18f68043747ac54a3e280907ca407c248a0a59830dc4c6742db4ffc7a
,,,,false,0xb921ec2c0a9f11ba00f735c5383892755c71980272a03e139ec9d3d8a3e6cd0c
,,,,false,0x7dd6aa34f95f8b57d5c0c3f0face2cc46d980205421b12b4284e38c0c22e36f9
,,,,false,0x3e64374d98c6b1f76c30dec2865c747660c3cab9ec127952ec468b685ce1bb10
,,,,false,0xd13778adeab18de773a998ae79de286c1ef079a0c1e95e505aef59b38f3ed1d4
,,,,false,0x77e381536c5784d6bce1403565cb114ece686dc3e17862fd7e1a629b53a1dd3c
,,,,false,0xcf70806d9596f5a5479737e6db7498d83e4a85185af6c507e103134ba586e936
,,,,false,0x5d508b272a23ccd18acdf5fba6e79e6627d5586344483f4ef74d890908b352fb
,,,,false,0xb063dcdef62bad33940b547bf240d0979cb427c4667a2f59d6f0dbd4015cb609
,,,,false,0xf4cb809348dcdda5011d7b439494130e88a1ee6bc7316db6a28594ab481f0b08
,,,,false,0x353168c15fdf600b444acf03c1fd01c2f40b021c25bb756e9f67456e0c65aa88
,,,,false,0xefb7a2574c8a8f835041304181a2a0c07f44f2c51834c9c65569cb9bcb12b2a9
,,,,false,0x7f08a296f4269955aff29781cbbcf94c03d09ed666f3ad8afd58f64de2b4acf0
,,,,false,0xc4e5f422859fc0827f1ef6fcf6fcc90a11e4adf124de38b2ae32b68fddaa897c
,,,,false,0x205b9bccfe959deec4cd95d414889296ce72374dad8ba344419c34a9f66a4dfc
,,,,false,0x4eab45b7a3c13f67ef3a6baea4129c8809c9ad810f72b976e6ed38738d545e30
,,,,false,0x1d0b21045e9c98d0b9e81137349c7660d3e6d59f90c5bbb7fd06f97a09692b15
,,,,false,0xe82df938f2390390b66ef5530332840354311639137e826b01cd5064f76a0ad2
,,,,false,0x36e0815020ccab2d295728f81157edf8e492c622544aca2494670bef0168dbe5
,,,,false,0x5008fbe197886399002b70006906dce98a13f7b997857dbaa61031563c493ffd
,,,,false,0x337be27b167e20c05060f66096c55d2e98e7edae7447aa1e0d40938b75a82bb9
,,,,false,0x382a8a13b37b6586723424717338cd8a870b25a82cfc2fa4f71c80723bba45ac
,,,,false,0xea406f00cccf0905ad50e8265e58b3b54a660d8ad49227c184c3bdc52dfdf3c7
,,,,false,0xdea274d3f17af74f4d0562867f3e840901142c2551ce0ac388b31354adfa2705
,,,,false,0x50177a3a822c5cf19a8bc67fc291a1f4c4e02fe89df9840427bdba6b0317f5b4
,,,,false,0xd3ba4282ecb7b7570adf6e4829e0b4034dfe44f4d6908644f6bc3d6e35772210
,,,,false,0xefa993bf764466db0b81df1dcf7775b3cde99fe7c82fc3f6bb90bbf2ff790081
,,,,false,0x2141ae2e5549d5eec0dbcd45ee23e866df8399911d17870eee2685fe4159164b
,,,,false,0x30435a392bb779f12c7da87c636d994000010609cfc8e9730c3d46f0c472cd4e
,,,,false,0xb545fa3298bfd68d66bee4ce46647d9dd83d1d23ca2ca1a7135398640962086e
,,,,false,0x43ae84586d8e5efe54a82d727fa72995a1973b517f79bd46f0d5f9da30d607b9
,,,,false,0x9fc7081bc4e818eb2c72806bac4d7f4186df0aee99a1d5ed7bf6c4b97b5d5dcb
,,,,false,0xde72a2a0ba9243820c3be2f194f20ac7a5702e657773c32c438012ee3f9a0112
,,,,false,0xa54e363b59be788e72dc012ff9905a0ef8c4cebc59012d7a7440f06ff958124c
,,,,false,0x4d8ad166612f43212041f01bab19bc194827ec0893ab24d35c819c3c452f042e
,,,,false,0xd61b2ac7b3a1c9e89ed592238169a3a6643d14a9d9b4e8d3e8c95b6334248c1e
,,,,false,0x213c100c4db2a290d4ddfb61740f933564762a040de45f4a363db8c073f74d9b
,,,,false,0x3a4a2990a03aa9b1fab045b549a95f742b318524752fadbd4e50b4781e41eb2d
,,,,false,0xf9f06ba6fbdf064193954c588768a1b0818a0f9d3797fe04c82fbb5ce23065e4
,,,,false,0x3225586dc335c3b2aaa27f302916aa6724b344f0421537e7fdb087c84cc4502c
,,,,false,0xb485a1eb4015782fc3f71f02580c0901d1f0419ebf754203d0f1c4abbd8d7e1e
,,,,false,0xbb163da286a56847a12165135d8b22b7e14eefa0bbd1a182ad2dbb22c4e1bcb2
,,,,false,0xe838c9c790acd03f1ab15e5b0ce0341f70ed00590e6e0fca7ae0a252083964ab
,,,,false,0x42bead206ab514f284d76f266fe5d2fc6304501f40c1dca1f68b5bbe60a0cca2
,,,,false,0xac8937e58b7bdbd92f74a8a2daf19d7d9c345a908be05a66ca8a51b18a00b270
,,,,false,0x877461820460ca7d0143493ff58fdfd3a400a9a21e1ef52ef9b004fc94984025
,,,,false,0x25ecf2e89f7327fbddf0ac866c3b1371c5f801f29394dd5204c51a755ecabaa7
,,,,false,0x41987a72c67780134d09a5ebbb7c72170ee4beb06d03a12ca9b55e4d80a708cc
,,,,false,0x3b19c92957db273e0c24b760ce884b3c702c97d2e98a7952eca42bd50e4bf39b
,,,,false,0xee7dae2d798078ee88de1623a8488aa192e55f5ae36838857fb257c3ebc51e4a
,,,,false,"
"
