Inserted,Hash,number,timestamp,match,txs
Block,0x6e84a16b95036986d9aa71bf8d6ff98874131c9279574a98c6ce30e980ef98af,6368747,"2018-09-20 21:22:56 +0000 UTC
",,
,,,,false,0xc351f440102a076e21a541241c1c0ebf514d92143d6acce09245a5a1198dbfce
,,,,false,0xb9521d23bd4e3b7446f90dbc52a2f1fb5ffcab10563272d3eb599d87750ec194
,,,,false,0x4179fb4a41b220c085cbb0879c7bbb364c95ce804a42257143ac0eda314ade29
,,,,false,0x25da9e95673a4849c6c7feb59a8e4c3376a078e542521388edbe5b5af0dbd892
,,,,false,0xa35538208e522a4a3679809beb0aeacb19c219d234c1ea38c04e3d4f510665c4
,,,,false,0x2af87ed53edb2c168a01d54c51708fe441e6d899048cc2a4de55160e4aa59c9f
,,,,false,0x159e18e37281557e413cb433616d0a912526cc2fc24634747caede03b63b07a4
,,,,false,0xb0d3e73c45bb218611f1a548299819234183150174fb8b8e9d369111f118ccf1
,,,,false,0x0aaf3bff80cfc9b919123c6e6de53405032997200a550f4a5008e710e413ea9d
,,,,false,0x3d386cbdae585300a8a287dbfea7f3eff5e4300d5ee18651eb94d1956b20c34b
,,,,false,0x0623b96c3994e2dbfffe7e5dbf939344acf3dc71d63766900827dbdf600b3f80
,,,,false,0x0420fbee01f397d7ab336de3690d28e0b60b7231e2a3b8b391f39e01caa343b4
,,,,false,0x1c9c08db273f2ba9098947140afc821ffdc8064621ad29e002773f4bbd136f3a
,,,,false,0xc671fb92f7e6cd2ce278ed8a98cf27f4c01bf62498db52c59bed00c91889124c
,,,,false,0x87c9b255c25ffed644a9384e8d97d539fedbadffb0ec6f9362af4cccd6fe90b4
,,,,false,0x2d5e5ff01444b186cf19bdd5154db4ca7c6b1ac35d0e1b4c650aaad09e865547
,,,,false,0x107c941c577f7ddf3d4ed574a5461d6d2fae3f71018416064b95e1699201be27
,,,,false,0x644e6a06cff06ca86dfe248cfc6df4b974a9f26e2bc5878d7d202416452bcc0c
,,,,false,0x9677c0ee56c585e69c939b1c53755a7fca1966003b3cd25f2a9ad00e319258d0
,,,,false,0x7086f28784336653777b32386722b61fcc81f2154759879dc5fc1fd19904aa35
,,,,false,0xbf24da0e40ac17adb1475fd141312539312b79dc338d7bc59382997b7090e7bd
,,,,false,0x59a4a1b5aa50277ce9a2bbb0e919a1257462fd766af4d81c6a101add58c00eef
,,,,false,0x2f27b125c265e5f603e1edd4a395928dd2cdb94644d20758b93f45ff3cc6399d
,,,,false,0x41e710a5e6f78b6e619e8877be0341c989166b5cb11c3213ffb49640f4a46136
,,,,false,0x7e3faf768da33474a0cac98b75b607950bdb726ff17de9aacebbf43ea87dd67f
,,,,false,0x4188e062e0f24cfc95d8112b152fea33f86b0f074abef37490cadece20763fba
,,,,false,0xde41daadb788264baa2f6bc3ded19e2deb8bc7d93f689398d5bbcabc49c0c4d7
,,,,false,0xd547d24e1ad65b4150915a7fc2a0b19a7e6177ccb10af02c51150a1729d702ce
,,,,false,0xdf3dc25a89f9e606d05d211cc5502d4bd603f34e151529af2d39ef751ecd839e
,,,,false,0x1d60498c2bbc173f1366da53c715ba329d225cd2489062dac2fced9a454cfa03
,,,,false,0x6a0b4c1fa1b86418f8628a741506cfa6099e1a7e50991d1cc0e243e70649c78c
,,,,false,0xafb4af18aef62acba5eacb462f9598bcde9dedaa6d8e14d330c808ff8fcf0bbc
,,,,false,0x1424bd766f4b89e6ba74dd06095118f044bef0e7cdf6c813c71dc9af9b8d1af3
,,,,false,0x0c1e552b7bba710e5bc0eadb2cee6876188184cfe60770d47b8d7735f4246973
,,,,false,0xdd352f93d7696b3b1869e98972f9fd7ad4aad896bce4cb66f7b2073be79d2d29
,,,,false,0x00ac619687be835a8cb9a31a0f63c2724f384e4481760e5ac6927d8d6dd73a14
,,,,false,0x903057f51800360c93819152312616ccfc136bbd7a8b684b0162ac2e4dd7bf48
,,,,false,0x6d51bbd030178d53de4f72d6a964c3ed9d7c2a7287370447122c1d44adf264d5
,,,,false,0x00088d335aa87f6bae495c7b6520d72b39be80789ea05446e2fa35fdc73ebd23
,,,,false,0xd25ace8ac6c1b9041d4e69d0723984ef73cfb87f60413659f673774c48aa49e8
,,,,false,0xe8b6c12383c3bd5c6274acb8fa7845bc4e7726d06af60db3d9a1e86732c6f6f9
,,,,false,0x3de76519bda9517e60ce94fdd547f2839302e770220c9670746b5d8db02ec98e
,,,,false,0x1e7ade44b827da6fc3506fecfb0f337ed8b7412d8fd82f66509ac3e1aa89f7e6
,,,,false,0x2fb2d5d5bc0bee77179fdbdbcd5198733f00c4554dca4779fa6cd55a39a738ac
,,,,false,0x49c8990e7702470c2ad79c5dbdef24e5b97f5e971a5d1766e719928bf5f640c0
,,,,false,0x15be15e8643038d7818ad7b42b852fe06b478ef16ea2759784e4879d8b105f27
,,,,false,0x3e369f4f13628df8d1599b1edf34bbd3c88c574626a0b9cf0b0492e9f479b04f
,,,,false,0xd5a77c0d984ccd325c6705a427c10de83f2f5e8eb2a3cddf2b12c3476006c8cf
,,,,false,0xe350cc80bec2fbd9f59cbdcc72555c9eed08339e8d9e6b1a4ca54c8d58c99ad7
,,,,false,0xcb1c3cb734d49c059786e5d7ccf91a17f24322e34e3d134b457b9c0a37168f37
,,,,false,0x8103e878c29bcb91e942dd505bfa24212def67a32aaf9fc396ca5b44c28652fb
,,,,false,0x5d5d864129410b0d6d0e4c21193c79ae62d46fa5c831471379dcd8f36288ce2e
,,,,false,0x9793bd7fe59ce10f62f7c013f67c3155a1ff39b7ba64db1dd28abc7ed02fdb1a
,,,,false,0xdfd4c53a86ad9460154574ec0d03a8d035790ecec365f8fbf7df9bf4d77b532a
,,,,false,0x83e09e71ce589b8078471bf1af86988d222c7cc8c5e9a81b28b8e051d74e3b7e
,,,,false,0x86d81184b16c9c15880576053f23ef4d4aa5595f5abf79a2471ae86176b6ab46
,,,,false,0x95381ed3443d9bf6d2ba3c62089df03e66ba5ab4b297d9fc7697e3b2737a9a5e
,,,,false,0xecc91e24a58ca71abb1a4de7f2f9c98559d0ff3cd7d1d5b4ee989bdc488ad499
,,,,false,0x6c01873931cc1afe92e2458fb723f05a39283b1c6a243ccac9ebcd6c63f8bfa2
,,,,false,0x2ca054e420984d5cdb399eef1cff6027f1fdd6ddb5b454565f2a6ea6462bc970
,,,,false,0xe6be260dbb844d73b144c53ff9a71ea0193ea02bf2efa4d013b3aaacbec07e5c
,,,,false,0x5d076637f2e1ffe5969900ed6fb21c0de556b95204b5e40124de04b0c132fe79
,,,,false,0xc7497d225cf7a57a85dda0c8fb363a0989b2df7fdc9feec03f09c48727e24394
,,,,false,0xd42753f1229be5d21d814a2670e41edf2d0af5cd0a83852c7d242cccd1e1f2ff
,,,,false,0xe1c004dbc0603205ca7ac70e86b2badb5ceb3f7ce1e3d808f92f26a12ad4c3f4
,,,,false,0xc87271c8c76d8c955b11c6876b5b4ed49f336a4c0e986f96a87ae26f49f1e8ae
,,,,false,0xe919056e5f9f58ef3d59d813f0d983ac82013a26622bbf42504547d18308f4a7
,,,,false,0x71994dfc3ce4fa408b80f675f3fb5a31025fa73d0747d410fbab7d622a5d0d7e
,,,,false,0xe6d0fc05f446cb616de28bce0b03abd107552fa7be6423d83669461030b2c358
,,,,false,0x4f2e3dd26b6ebd771b80234ef255ac51e6f35bccdb96a37ae8a1071e433616b2
,,,,false,0x67cf155d67410dbce85b0245b5e43aeba40934b46b2283fc49b3beed74d1c244
,,,,false,0xd428a2fad3cb95d3cd62fc58e7626ad4a39805d6a693fd0548b7837c7bab0143
,,,,false,0x3d1a5051bac3fb77c9c1180222aac321956a403778694b30e9a99d71370242c4
,,,,false,0x544c1cdd44868b63c23fe50762b3f43e92445ccd4961cc8d7b4de35de6323e2b
,,,,false,0xc9738b692428a39afc905e09f436cb5d860e2c6fddedf1e14e8c206c8784521e
,,,,false,0x7d15fb853161281d739a2ee815373ea459fa512841764133911a51838dc7b94f
,,,,false,0x214c35f26932ea114699e86d76c02061b6a2158657a82dec334b936c73d2b817
,,,,false,0xa96e03dd7c2d0f90ab2d0950855444b783ef06b093e2dcb24babbef3efb750c2
,,,,false,0x3fcc5a9eaf8c678ab5168f8e514918dcffb13e6890f4a649da0c23c793c72879
,,,,false,0x148c2ddb42c6d4c5846f242877a84a7a3a4f72bf1128f42d0f3251af79b8a6b1
,,,,false,0x62dd072f85fd2fa6288ed55de588e21979228c20b0e153e4c152dbd41add5c72
,,,,false,0x03ab0b8550bdccbe4943d924bcfff4cf31ebb9318d0d88aeb49cdaabda24cea8
,,,,false,0x7289e680a6fe7ee9ebecd6d28666245c10258830e1f3116850689bd19a55345e
,,,,false,0x1fe84ba21113f4b84575912e2668a13190fe94517ce058277b0ed218464c523e
,,,,false,0x06e9f9778be91490a5ed55dadfcfe372a2a3d292c6eca2c0d626aa8cb8b0d307
,,,,false,0x0ddcd6e87434040e81d472926be7d7b3a7a250bb9587e36c4b6c07cb8521a0c2
,,,,false,"
"
