Inserted,Hash,number,timestamp,match,txs
Block,0x5b1dd34813c107e74313845bf1281fc42220d57ee177f639375a5a6f328193d4,6368171,"2018-09-20 19:07:08 +0000 UTC
",,
,,,,false,0x981d9e9265f79a562b3e85a64c93c49466e2d7423f18f1c70cce8e4f59783747
,,,,false,0xfb79b274fe681464278b22e87e87132c600fe6e71d3029da2bdb0bb98a88dac4
,,,,false,0x3c4f58c482685e017c66960203aa249fa85dc660adc6b551da73ae5c4cee797d
,,,,false,0x74894917ea6f5f57f7bd23b84c7f44e06b575b022436c2a2731e6b92df14a6a1
,,,,false,0x9ead8a1bf2db4d2f7fafa943eab14b102c04bd0b47a66347a9e223392707f5c0
,,,,false,0xfa7b45cd0b49ed2758d36ac97dc2cc1bed6fe94b5d443c165ac07919cdd43fa0
,,,,false,0xcf6f566b28f85a34c4362eec7f08494a37d470841ba04ce4a3f0f988dce944ce
,,,,false,0x7d72a31e46154c70219f8ad07ded0170e93377684ec88e77527f5fe51595bd17
,,,,false,0xd8973b88ba990621393323e5160d7a5f54a21da76ed151f62e5b7ea2ea9f1db8
,,,,false,0x92761aa5c417a72bd582ce6cddffe6d649b6fa3fd7acf2e7238be091abc225c1
,,,,false,0xb26db78e5861d07d18a387e3eee1cec0bbb7544984dd3245f0823729da9af029
,,,,false,0x8e5730f97043315d86958a802d197dc2d2da787eacb2e8f5c26ded1457a15534
,,,,false,0x01d2bd8b51c387f516fc43faf68ad6e7b9d041a03a6b3a8110ae5a7ec51a78bc
,,,,false,0xcc367300c0764f835d159aa735f7a868bd7a1c9bc9d9600bafa3452ad207bc9b
,,,,false,0x26cb736b88ccbfc1f797fd45eaf316e4b65fab3b0b660e86e78e164e5d7397b6
,,,,false,0x80f7d6b3692fa06def15760ce6a92e6efa5d31252ebc54b6e641bc6b63fb32c1
,,,,false,0xb291110e2e119ea6c26921e974b905f1ff7210adc3b0eaa9c3743be468193338
,,,,false,0x579ca1f08b1a115f498fa9016a380ed1fa70521bfd180686145c8665525684d0
,,,,false,0xf23cfcc5833cb0b849999372559a813980c4cdafeca761f7b8b05dcc1d67b72c
,,,,false,0xf8063ca88abcb98f508c41e0d7b0b56972b0c5a51df710213272ee4b9cfd18c6
,,,,false,0x61677b85d1db268c93feba6a86f17a92df66df50c346cb3dc2c2595ebe33cfa5
,,,,false,0xb0c02729d3fbea49af1a4ca865435b5d1722231a5ef793dba69623ad3369682a
,,,,false,0x3fa633d96173b61eca9c26060c8c0250260717dcec23d96e1c62714042c586e5
,,,,false,0x4ee9d571ed4dd1e62c4c6f2d61e4241e9949f5ea0b295245ff1e5cf2fed73465
,,,,false,0x757ebb7cf7afecc8151065a7c66d1548b4a5da6fa59609d6288c3bb15847eeb5
,,,,false,0xf0e791074e97223a950f25a766441b6e20aedf7631292ad0e8c4b3eb90dddbfc
,,,,false,0xdcca95dcc55c8004c1746e5d02db7f6d4c9259ca3a6ff1337773a102bf92d54a
,,,,false,0xf1863ac706cd91ca405395c5618c101760093ac822490353cc677f548266ff6b
,,,,false,0xd3d380bd248d8fd01f73d0bf43d1b06d9185eccdc08d92de994e5d1afdd20e92
,,,,false,0x670ff62ab353d972bca63baae0ee292b354bfb3b655739f6b593f09c012c304e
,,,,false,0xa2eec380000a076474cec061ccc5e3981a7f78d1676d4a49fe8ab55340290a55
,,,,false,0x6c69def2262825a89c3a69534f56b154582a72f512572b7b1d0def2e7267a4ef
,,,,false,0x508cfc37165b077f1eadfe180e58aadedec099c2748f50b98db93235ee1b2578
,,,,false,0x35886365ffff9e5976e6fad2c9d9758341cacf1de756cffa0495b20624a71bfb
,,,,false,0x41b8d9864c27f3ba342028f223af206aade5b6c14bf4bb84c448371ad7b8d941
,,,,false,0xcb28bda75d07e2da93f8be60205a7796cc5c1027de61b7c0231bfec2b53d9fd0
,,,,false,0x5416aa0b277c51bcb48a431765e71731afd2a9dbd6fced691c62c3d586b671d7
,,,,false,0x285043faf483b4c91681e4f384d3c34bdff48fef724442147bae0538191b6906
,,,,false,0x62f84358c2992e05f1fcdbb88c0016fb68f80f8ae8ff2e9f54dc8c42497b6025
,,,,false,0x056da0ba8c1c4573c2b27ae9adf8ef618c62c876a1b719ece731467df7a0d818
,,,,false,0x5a08064f5fbc738347ca6b449c2faea602593d192dbd04ec1a2ba1956fced7a2
,,,,false,0x40d8d206484156e112b1ab05bc2ed0f7d20fa6fa7f3abb04f9b262efb4b84a9e
,,,,false,0xf46bdd1150445c7d77e6d365b0a1fb6338253aeb1034588d031d5606a6436e3c
,,,,false,0x185e417e3c7b0ac1bd188293f942228a9d64d0d9cee4c9961883f5ef88b82f3c
,,,,false,0x12800eb45ea67a32c83074430350420d5b1b9d6ed83532f4a30a3ec5a1b2b86f
,,,,false,0xc83efc30e026329f83f5d1e021e54d72245332392efe0117875b47e2c25f0b68
,,,,false,0x7f0a17462de9b4562a58b8d7c5c75ed85a0f00cd612e3fa0e0717930bd7d63e1
,,,,false,0x991cb52beb6c26d9ea0d74416ce5df53ee7ccd499c4452815bc7439df2cb9c5c
,,,,false,0x5b8b90d9966855ada854df347ab76c727b9a3b8af183e0219652c477778e390d
,,,,false,0x952ec85f478e8e4a2b6fb244f95611edc638c6219c6e49548a35e499661cac36
,,,,false,0x585ee5ffb050385084abfe053611305620bd13499320b49fa488ecab19031fb3
,,,,false,0xd3d78f08a6873108c6e2bb1842aebdae4a94c089dd888f3fec20474777b3bcfc
,,,,false,0x57642f260c24a3d2af4a86a915e9644cf2634b64b1befe3499296b686a2c44dd
,,,,false,0xd56458aaa27c0253007d7afed8e268d6960d053b3518a2199f969033243f8e09
,,,,false,0x5533484fdf9823cb1300a7be96aee7ff92a1a82e0d0520ad04aca6c4f07a0fa9
,,,,false,"
"
