Inserted,Hash,number,timestamp,match,txs
Block,0x48754abe25c168282626288bc787c06befff2a23fc449a60b658d4f247116486,6356085,"2018-09-18 19:19:11 +0000 UTC
",,
,,,,false,0xd3e34d3f3628d809ea512a46637c22c943457e089f578400827ba3c02f6a6125
,,,,false,0xe079c190159d4a16677e166086360f98bf74ddb545f577ec31d00c55c51f40cc
,,,,false,0x0cd8ff907c40fe0c30cf18fc2cfaf234908477404ed4b98918a42495afdad88a
,,,,false,0x0fdb8801ab4e7beb06ff203cc477a94080701ac42714ff662004a678327a607f
,,,,false,0xed7dd61df8b874ea8c45308ef3b6903cd6f447aeadce510d71a09a34d5f2e886
,,,,false,0x0c03f5ecfc04d9a5193f1cec77b6560e800452305abd42149a77b59e03e58b41
,,,,false,0x20f7b6a1c3a742da4d53b03d307ebea0d9c9f9bd8db1e037f0011815548ec718
,,,,false,0x919ca012e3c149ea1745cfc946bf68f5710ef62fb9326a3db92950b3072e6365
,,,,false,0x9459554263de5d89db3c6cdebe0a8f33a0246ea8addf9649fa17ef0ff48c53ab
,,,,false,0x0af2cc8811c19ae658411ed4df3caac4cb735365427fbfc4158d536e2d52badd
,,,,false,0x3a0460553e63c786a2dc6b877085dc5640390a365d045049317097bc4e3c5b4e
,,,,false,0xd7de70f992b860bf4b4f088dc468e3a1c6fc6a406dcf88b0479aaaaa1f9e4440
,,,,false,0x32329921376858f9338ccc2edc0de40e2ec0edb9b7e6a7fd737bbc264e71356d
,,,,false,0x7d98d56cb69f4aea44eabced7ac38db63efc1f4963e02d7c04aadfcd7009c8e7
,,,,false,0x73c6c3624949828c7fc6ff26547c35c413c296b9fa2d4bb6d01f5ba1769c86b8
,,,,false,0xd249640570c3e8a8fa6aae18ea2c2a4d4fb3a54a5cc4191367d2de7ed66d1366
,,,,false,0x0bef51be01320ac88618eedef00b17c34c72b5eb95aaf483e30e313c9b4fa2d6
,,,,false,0x3dc179524241ef80a61fd5a893630690d726b9287c995c534bc5b5c985f97d9b
,,,,false,0x0a06d124fdc46d4568f4f7f15908e3768b3c31e47c40f58f77cc99a098f3d2f8
,,,,false,0x31ca82c6344ec2dc899ea01e9c858f9226802e4e7bbdfca0f393a8cd58de9269
,,,,false,0x98b09e496e43843691c53448ce7517983f2fc87de47c9292220633a910a62107
,,,,false,0x23e50f31a75dc0727422ff1aa9e1152e7ba6d91852657ebaa0bac62d15936b3c
,,,,false,0x3b002c0a8d5a0350d20be5e8c5bd83377ec513917eed358133d011feb7a4e980
,,,,false,0xdf01fc31098b092ccaf0e562ae5a065e648f82f68f4a1994ab6a54b991f789be
,,,,false,0x58f2fdbb9e79e4cd7bf162cc48b8eee2948a84b6cb16b9ead19a3d4957e07acf
,,,,false,0xbdd2c63445fe2994d61e1f6880a5b7f0e1693c63c05d54c69bb525f8ec65c36e
,,,,false,0x752ce2eb55940ccdb45d86b9d9fa74eb881b4da1c2b740badbfbe195e979769a
,,,,false,0x9f9eb926dbb85fc10002503d25154347bed769c37d19758a22a1d6e47feaeaa5
,,,,false,0xdcea6556489d6f09b9d0f9fd1f790ec40c8f8f8d1e414d46bc21a1c7a0527061
,,,,false,0xbdc7dea57a86b65756492c1012e9eaff6985ee37cd9ef6a314186f07410d9b4f
,,,,false,0x7c43c935a662a84bbc6bb08f71e8e5ec21253499b6832a57020209873a1bd0b3
,,,,false,0x9c7bdf6c23cb2e140c02f730e76f05b061f4395e7c5b867e4b8d4f8300567681
,,,,false,0x4f5b4c2a13fde5c2d7c1f171b1e32317bbe5a1fdad67385ee7f042601d8b3236
,,,,false,0xdc1c8470514ee5e0e89324b2ccbfaef6c0a7d6d9a864a7d818d030ab5a411ac7
,,,,false,0x542f3d5a1306f16bba343cb658d2f235032bb0f39b3cc23f266c263947db1be9
,,,,false,0x479b22a0cc72626518b8d217a280dd12e51fddabbe948b389935b3b11b9cd91a
,,,,false,0x4b117d8ca42e1b701b52e5e546243778040f3e692da1248ec5884c977e412896
,,,,false,0xdfa3b280e8777101a12280b6485a6ce12a469be3f29606fcdf323bfe631dcbe0
,,,,false,0xd9104b9cdb6739111ec210b79008c8207652636fed51cf58d6be99e95933acda
,,,,false,0xd4787d86b224d349977012b84e028ecf9e5f01b5f85f0d785fcf048fe3567cef
,,,,false,0x657c08f106f17c74e4aeadb1e741b541cf593b66fb36fe63dc1eff9b3fe9b8ff
,,,,false,0xc59180082d79d4aded24a07e2ce15666b75c96d822d417440a8d0a4af7dfc1f9
,,,,false,0xcdd73c750cd9bc91c6495e691048602a883ba0808e665786eecff01fa615ea4c
,,,,false,0x47851bb13c4f273ed30d6a00638e9a0d3d951ee58dd8f1cb8bfae7e93f46682d
,,,,false,0x6856c762b7ea4d95a64e21f25e4c2f6ccf7f0420b17e9adde69702c07245ad47
,,,,false,0x56456a8a7b4e1d374cd2c2c88cf57dd2f7357d7005d47852a9fb7cefb1a9cb31
,,,,false,0x7b551bea43ff80902baf270ec819d06ef69abb2bd713bb0788426fbebe855745
,,,,false,0x9d07de9536859ad2ee46e5f30295b453fcf2f594c8326cb5a45f8393ff8e03dd
,,,,false,0x211e10d2217b7713449159c5fcc2dc24033778f6cdc26d95aca7f93eb9eab5d8
,,,,false,0xdc26b9b1c072284706b19c851219c6c0f8297410ba12f0b7d2490e99528470ec
,,,,false,0xd7bd954c751354f0a12ee5020ede349862c8a67973652606359a7a7a98807adb
,,,,false,0x8b4e06d2d51d3c709af54086d266d98cd1fcc039a5e0f859c65ec849adcd4ff9
,,,,false,0x41475c37f0c515a0d5dcfbaa5559763a05b2e54c07ea4eb4131e3fee5e8729bd
,,,,false,0x03b306ff4382cdd4f75cb8c2b2ed544c1a9daf8dda45ea6fc6a4087b63f6f32c
,,,,false,0x6e10d16f904d068d983bc586409a9920aff0cecbf8312a8cc224bf637958bc64
,,,,false,0x26e9d50ce313dbb400bf8d632f6c274721f7a495a2a9475e6dc69d9bc42eb6e2
,,,,false,0xc7bb2e5b242c297a07a563f6326ca2ebb364a242ebd2ad864219b8b09ee6845c
,,,,false,0x84c964690a22ccd9aff9940cf63b49d9da9008e6739008c41a9d290bdf891ac3
,,,,false,0x66698b72926776cd271ac9341aecdf4e22074647eb10ba1da504b718f92c912b
,,,,false,0x1cab7d238e7325ce4e0aca7547b7b753a7465d9a6016f3c9be6f89814ccbd07a
,,,,false,0x44cbc3ff5c8bd516be2608cc318e909396e021ea1798919f253413eceea6e950
,,,,false,0x8cb548346ba709021e6c5ac15d5c11282772a541cd70deb07be4e8229c82bafa
,,,,false,0x4e93c91825abc8ea947aac0c782ee7987526974867e13d574409ea8d2384156b
,,,,false,0x74ea05363a83634d55e6df68ecde7ea9274dff0ce724461290f178e2bfaf2937
,,,,false,0x4c1d325caa78dd48a0ff1c7f5a944d5fdcfae3bc82c62bf189c4afc6055757b2
,,,,false,0xba2f56e7ec550a80d76289c95ffe0225d94f33d4993d88af99759bed55c7bab6
,,,,false,0x38f9f9ed6601160382ec8212fbaac68dbcd7657aad8399c551ffb8b5c8f85be6
,,,,false,0xf9815f785931b74303923868074acbef7c16f8da4d2338c8eef1b4e32e2614a6
,,,,false,0xef377ccacc333be57ed15b0161016673b344d21146ea6582e94faa22cf9a7eda
,,,,false,0x0c7b334faaa4771badbbcbc92215eeef35ec3f80bfdf4af61779f4d24b4f2a1c
,,,,false,0xb3add6c1c9ad65cad7ab4eaf2c15c119c83b1c3e0a734d298c9423a178ba2d86
,,,,false,0x3440cd96fb473aa40f7a9d3503bef3d77993c9707fb91985b4c37dc4e2733e83
,,,,false,0x6ca075d76df1cee9393f5e671962f676a22031935a36e5b35dbbb7051f0f1fc2
,,,,false,0x9a4409318385b140780b23fc17cc91e7b960988c187a0efedafddd4849c05767
,,,,false,0xdfc81c5860fbb62b864dc232a5bec3ea1a9fb03acf099d2bad8055abc2d40322
,,,,false,0x9f9c6498e3727d250df8db718612e71810e28dc4efe4577b4abce52b11908614
,,,,false,0xfbde934211597657cf3c9744eb52c26924748bf2a636814417095208f4cbe43f
,,,,false,0xbe5cffe4287e27a2af6a23ddf943e0631e536e9b568afe5ee7b117def08ade19
,,,,false,0x0a47ecb64e3699d3b88051c914dc543800aa1f983a9d73f01601f66a899928b3
,,,,false,0x7e3be67b636f665dfbfcde3ac23ccb95969a3cc632a4eb070b6d9060236b5f25
,,,,false,0x18d177ae20cf5b9f3d5769134fa32b8a990ed4483d1afbbff7f9b39b5a32d7de
,,,,false,0xc81a3d57e723fac252da6d9508db1844b0182776943d8b1f55e739180318decd
,,,,false,0x1ac8286886adff79200f6b3b1aa9140138148a065938b7126b928461f164be32
,,,,false,0x6e0a0fdc2152dd64b21e858de446d4950db29e2e6adf83dab884c4534f22b139
,,,,false,0x01cfe8e41aa1eb187281708473815d9c6acafeedeb054d6ccdf547ded3c40738
,,,,false,0x68b88c50751439f2e1669d41940c2abd73703a0edc240b03f65d0ab12f1b4b68
,,,,false,0xf11423ef441b50e20f94775f8ddccca3cee82b629276d47ebd7ec98e28d868f9
,,,,false,0x6bf26af9892bc6dbe0bd5175cdbb7cdcf7dbc3e6978ee63391274a7332efa809
,,,,false,0xc2e6d196bd08d059c69a86f92ab891efd0e1ea0b373e523465c9e24b245e5088
,,,,false,0x293a9cfdd59a11871ec2a4f78623575612df5744d8f587e1fccc411dd01a9e4d
,,,,false,0x51ec72cb625efbb0802e5843c3c5ddb845b468eea82cc4b5b537fd122715c0c0
,,,,false,0x17cec030c63b7a811442bc0a6ffa1c94c49238e4ab9948e42d5f76714553ca72
,,,,false,0x8175dfae835c5bbbbf16d29b3b18afc73a0a28b105cfcdfc7c035fac0d584bbc
,,,,false,0x0c0638d9322d3d7b700f43932b34509a6ef5c90383c28327caf772b18ff09470
,,,,false,0x74b984c4d22abe0bdebe0c0b61017fab30d30020c3a281f2a946a26236dfc454
,,,,false,0xadfd4204b671d6a604a276187bbc9098f30ea81ed4b03c8d3a9ddb533ec8e3e5
,,,,false,0x8fe481e0eef9388ac4ffeeb3a0f54e6cedc167cfc8ad3702443093e86444a2f1
,,,,false,0x9dd8f222359617321df017e81b9f2a6483a78db91f568f3858bce8e74dcbd712
,,,,false,0x2b3cb5b7e56a806a07381f104f7d769bf9fd566e7034e5b823477c829668594f
,,,,false,0xe98a7b5c8c7169e0377ebc070b52c333cbacb4c1fac0f203e4f78d165a3a7756
,,,,false,0x9015cb078175941b758ca9c91c46f426b2cc1dfba9d018cb4e2d8b8cd04bd92e
,,,,false,0x26dde48a230e130f5707a6b542aa8ae788ad9c088336fede1c9ebd6c321c0ac8
,,,,false,0xf186c7f5c191dbce99041a9c86bcd448a63d57c8db80d6f1abee7ae00d5a53c9
,,,,false,0xab7cfd28ca0746db2ddfa5175e6aa82906fca7b622451c4d152f44fe6082b9eb
,,,,false,0x443be8ca23f31e613b97db7b8496f6d1a88d9c86199deebdfb91434cab1c7364
,,,,false,0x4e21b51f0d5dc0e8951e2feb6647a824364b0226286b8771d85d408c55f8565e
,,,,false,0xe983a0ae16fd9dc9fd763b6316128ed45898255c197768bd614bc7d9a4342644
,,,,false,0xab6248006eb31b35483cde23d3402b061533b4aa21ca4df99ba90f987b7f9188
,,,,false,0x3efb555cd5e607a3036eff581a3efd7860bff160c2913712621b11c171c70cad
,,,,false,0xfb49199a1afce39b380d8bd1d4e0b0421daab5f0fd6a88c4e209ca13e1da5c92
,,,,false,0xfc13de56e6baeafe60d95842e8cf063d553842a3c47b09844add82787214838f
,,,,false,0xa12f3343f77dc638de508e98a7cdd05b05959388d4db558a5d7a711adecc9675
,,,,false,0x1c24edc0830024719ed01ff037e77712d51110a0737bda788364676265fd164e
,,,,false,0xeaa2c61ae95b1c8a7ad484237f08da6e692a5473e954589eaf3ed72c11960b06
,,,,false,0xfc735a6ac334765f9d1793d307fdd4ecc961461fc966f8d5000c0f0b5cb764a1
,,,,false,0xa1a8d98c0d9412f8e17395233403af6c00736eed50fe6a8c778418e821fa5bf3
,,,,false,0xa22d5c0c92c7caab68f6af9e63c0a3567c60c83740a1bb3bcd91b3f0cc1fa595
,,,,false,0x66a9ca90fe0acdd482b9ed0f993461e2a2a82f119eba34c47a611bd7723ab174
,,,,false,0x762a1d3c6404060eec636c90f346be069f8fa53d12d21cdaf61e9287cca95619
,,,,false,0xc4a2ae52867fc388fb784e76a3077a53d7a83d1327760dace83601d6077a0d2b
,,,,false,0x55e473e08bcf7da029f50ba286d3984e4c1110c3956a3be6e01e267d2ea4a48b
,,,,false,0x3c28d6c9616df9de769c32321663675be3eb6f80630a50b771ab30a3edaec5fb
,,,,false,0x8d9eac977d93c92b3ed77fe5e8d1b7474f422394d517b4cb22f3d37b8fd45494
,,,,false,0xd4f572a13bfd50b4e0904afe3f5dc29a7c4064f736eeeb72ce4e3e9c05d59881
,,,,false,0xcf30a56dd405eeaf1f0a85fb95ac3d5c0fd894ee57214c14cdd317c86011b238
,,,,false,0x0a9d869f8eac5552747faa01637930993041ff89ae1280fcf1caada4015463d4
,,,,false,0x0999a1472a9460572642c8d09f71fd8af48fad9dbd160069f0ee91d11eda031b
,,,,false,0x85cb56214498ed4c5e2ad0f36b6453a0ade263f3dfe7a7526ab2201dc0b58c83
,,,,false,0xa174b669326a082f7558ba284e828b618c9a9d6465a4f01ba6152194f94ba52d
,,,,false,0x6771422d25c5d7da4e21b048b33a7bbecf373a1c5d841ab743bd12f918e12005
,,,,false,0x0b3c13bcade7b47a1acc038fdee0ffa99bf9c22223a02a72f75825dc4a94792b
,,,,false,0x57dc78a3f51f425020cd539b731e3bcaa6a8f098863d533881f3c786f9ec920b
,,,,false,0x272941988acd0b5551a152bb3e4441b71334285bd8efcfc3891eb0f102329dec
,,,,false,0xa17cebf0e9b0c80cf0d38a02d77e746486032fd8644b28faeb52975c98d98734
,,,,false,0x807d78092e99701308525fb5855fadf86a3e9d970fe0fd540a7d76ffd84d43b3
,,,,false,0xf159062f0e27545b7d91287cffee6b38f06a4a7241f6342865b7e48fcf0da556
,,,,false,0x68b10837e2e6028a002a0633f677ac79daace39cc08e972425d3c26fbacf6fd4
,,,,false,0xf981aca614226576ffe113222807b6dad5f03f32d3eb1cd3127cc47a7edb05fb
,,,,false,"
"
