Inserted,Hash,number,timestamp,match,txs
Block,0x0e5c782698568d1d659f7974a7d8046a893f740a4006e21ce6871a837ccd46b1,6365545,"2018-09-20 08:41:57 +0000 UTC
",,
,,,,false,0x94f6b4867cf495631441e7f18eeed39a3dcace885cb080c7d27f507dd3384055
,,,,false,0x5c17314079753c4a5ea70bdb8bbc8964f479c687c6f58f8fea9b9d7686933f31
,,,,false,0x0aa33e16d17b0529247e211036008ae024a4ba918692cb1c83defe3a0a0a6371
,,,,false,0xbb0e699d0bc4f6546a6e6a1339a0ffe8f84fbc05bfeda95268fc30a1ece3eea1
,,,,false,0x52e03a4a5ae83bcd18d77e0aa1b1177446c8bcb9f402d48c8e39185eceede57e
,,,,false,0xc98938dbf1c0ad2fe5621382ccd1e051161abdd4a20f3e4049bc0ca9463a1677
,,,,false,0xfa09e4f0f83288a4f68ab496f8895e5f2f050693b5ca4399e8265a76418a3892
,,,,false,0xf76c6c2d2a443a90509fc54b65bc9f8d11146c02c6ab06211258434304459046
,,,,false,0x028b17725cd7128a4929f782b896d5d21dd04b6f98283234dc1e939f21db5e66
,,,,false,0xd8512e391a012f33686997ce395203eaf62e896742657631998d5e7b4a56f104
,,,,false,0xe46e3df82a77eb9710da15b14f16ab16e5154b1280c82b0e7075296e76c0b0d5
,,,,false,0xfbf4073c4d43c048c62eeb3ae1e6bd7613f01b6377d243d98217510df0836c90
,,,,false,0x284f2ceef4c71c0c57cb80c070521e9b433235b86b1d74172868b26980f705f7
,,,,false,0xefa6de3e78b2e7ed8b6a7c8ccb3c60441f8d9cbe81c7b7ec93901b87988e5f55
,,,,false,0x798bc295bf0f468a46eb2b17fee9dbe2b8f6040bf58cbf28d92e1428471eb409
,,,,false,0x5f046b026d950dc4d3340b447676c9d9209911b362d893eabe6a5f5bc4f8d1f1
,,,,false,0x19313c7606f52c96a64e525c669865ec156f03c618fe9faaa1ac3d7e3e43388a
,,,,false,0x83cc4c01509f4b2e16de4e3e8e1a6991755bac2ad87b240568ca008a40fc3e75
,,,,false,0xb4b6587684ac33dada1d654ead06c83856c3dc654447c8c2684e01c3b36669bb
,,,,false,0xc631b14ebdbb8d588ac98f7335f09dc13ca841f53d262e7b80cfd27f5f4a780d
,,,,false,0x6bd27f7244ec2f0913f6726ad3fd599f220d01f5c1124e2820922337611ce2ee
,,,,false,0x3a1826cc18cc87038f0e895f87e859b29abb2dd078dd78831fdea2bbed789b5b
,,,,false,0x94bb293123a10d0599ff4006673b09c3291082c7806e28b48de1b6dd3d2149d8
,,,,false,0x3e03f6abe7d92e08d5667a82ab74231079ccd0412623b5c1464336607b303826
,,,,false,0x148dc77eb1b8ac9369e55d5cdd849453249da03442d7f6166c66005f932e0d1e
,,,,false,0xcee2a885ea8b260a61524a8aaf39a10f5174d22ba1ec88c1758ea3aabe3acb99
,,,,false,0xbb8cebcf80b09e0375a4f584cbe3b7e1d1fa92a4f0c91e65b80cb13c85d77f25
,,,,false,0xa8d6a242ad9890929d46ed4a56c17c8bca792a3854b3474c78c9ccc82318203e
,,,,false,0xac5ed970615fb38b75fa06a624957d09acc9a74bcc98decf061b9950c2a8d58b
,,,,false,0x29dc03e9501d34ac9628d457d95a22a175b951e78dc79d0f217036c8946c8248
,,,,false,0xea3083dab28b87e830db48703c3d1e1d538e09f96fb82e844b2cfe32b9b1ba41
,,,,false,0x7c7738fc2874a8c2e52d2fc38c27582fe6827e79c3458c241c2d0a0c9d0c8a78
,,,,false,0x9d9db0ba3eadf75b1e6c934a783fd69fbe8c78fb421407b1b44eafe53362dca5
,,,,false,0x32cbbaed92aa53835918a04d73e749a61adb9614d4afbf720b09fda3dc72c140
,,,,false,0xf9db8b9d8003da60e5de050f44d8bd982f00a08fa5eb842f0d1b86e5f7e4ba6a
,,,,false,0x7328d366b877fd899d4e32d5a75ee1382756387a80dea78f9ffdfcdab6ac1cf5
,,,,false,0xf80367a1d9364518d9064da961d42e9a68abf1ae0a9eab9b999a315b8ce0d3a6
,,,,false,0xf621e1c54acacd1f9df8a8c8ba37460c15497c9852e34a9228ad53b8528f0c69
,,,,false,0x40d91b66a2ef6fabf0bf3a0303e9db4b8d42143ae70052afaca28a7e33352703
,,,,false,0x15247ce30486fc7b8a092a22bd46a74c4b9455d2915517d92f2c9075acdb8f86
,,,,false,0x5dbeee10eda09308a78f63a36c6f679081c4e77e07029c218c62058406648dfd
,,,,false,0xfd1d7660c55a8a62eeaa21b4d3d6530efc3d94839348db43e9db8dc4ccbfad28
,,,,false,0xcad33459c6f94fef21fab42def2d0584d3b229f908b42533eede8321ff0e37e3
,,,,false,0x54427246e3a12f3e55724cc33e38fc85ec57fae862130c47e0e05f2257887b3b
,,,,false,0xbbcfeca8adaf6048e692704a1733f5124d187e93e7803162f242f059a1e46c3f
,,,,false,0x76e7d3f26ee0d82b105e9f471a42d529eff7d116f3f125a5a726fd74d4da7139
,,,,false,0x742e0bf4e9a8311049378805cf967a67a1ef3b81a79ab777343adb39ac92721a
,,,,false,0x1fcaa14e116c46d81834d14d935abb1972e5995bc872f12e7c0470f80e155807
,,,,false,0xe29705b3c22a55b2a3592a58a65f7771682b9cc70c757c3de3a091e08914e44c
,,,,false,0xb2a9c65def9a85e6a111de0fc66dbfc59ade84735f3360d9389f6b38679f68e0
,,,,false,0x2c3964118e8405462b7c0dcceddef5a48ce2a003965330ecfdfff925c774597f
,,,,false,0x3a213aaa6e298fb90ed51d79a251c7799f7457799760f2722169df15a4878876
,,,,false,0xb97c6f2161a9dee71f0f8ee94aeeeb9da42fe5c85266ba146b16db4895dee389
,,,,false,0x920ad1a2c91f0f0394456b1611eda03e6d4ee45132adb576977271b8387360ff
,,,,false,0x4e4ae04ba6f239cbc19126630f558acc5e108f638d5ff937503f4d5de8b5a066
,,,,false,0x480fec35a8878dc8df25a99b78b1eccf97de0d0fc8d691ed596654d49cad44e5
,,,,false,0xfdd867ce92e997591d9077151647384a225b643103dd75cd227e60f391fba92f
,,,,false,0x7748df83a04e4b8c4b6c54965405099cbd7840a75a5e17be945e7c8dbcd574de
,,,,false,0x43905f0f37f709cc8e5adbb81a436f6a28215a2b26ddef7d892e284a9205f3b9
,,,,false,0x9d569fee0dd444f4df631b58bb76d92c1c33d52a93da37748f94b807fd0e3039
,,,,false,0xd4d92a86d0b9cee287c3e0486f0eaf1aed5423a4a905c1f14256eb87874ea5ad
,,,,false,0xd2689af3202024b2cc0b6e94f07fe817097022b24d44eecb1295c9d58aa535da
,,,,false,0xef1da19f5f869060155a448b8895072852c6f8c2794103ee4af1f3c004b83513
,,,,false,0x5ddd1dcdb44b6a4a6357b8c76524ab28c7a15c28dcc741f0a817fce668649f03
,,,,false,0xb681d1d49c72d633b7e7658bff7bd2111cb61088c923a951710cee010b8db700
,,,,false,0x86824583d27df5f6e797fbf04d9d59af2040630b58ed23942b9078db51640b91
,,,,false,0xfe254702db1f68a8118364531deb8648e1023d9663e96900e233f0afd28189a8
,,,,false,0xcfee2dd4dbdf7459fd639b5299188073e267031d29bbb26f3501a1628b7176d9
,,,,false,0x28295551fd2f343201f1449ce49867335eed8f9f936cbb61d51d05c4e2d2129d
,,,,false,0x464e8b483127a1d8b44f49599e6de2eddd5bf21444a0f3d276f364fa6213d19d
,,,,false,0xd338458b3a161dc788a80f3a0d02c0373ca79d882163c353ba51a08c5ae2f29f
,,,,false,0x82868cafecb334fdab9885d1868d2f7c321047ccdb19d317a1319015be0acc2b
,,,,false,0xf71a0c2eda97dc753a24aa39c2f5bdb7823401c3eedbd5c1200b9fdea9fbe23c
,,,,false,0x3ecb3390f370912dfa922866023f1929be4d20850e1e223ac64f6dd6909b423d
,,,,false,0xb120155e248ce83f48b8e921b23ee6b388cde16c3d7056afa23162b2eb346d00
,,,,false,0x638594c1ae4641758c900802def81a91c8c385d246011af5999bf0d9abd41945
,,,,false,0x08bb93a7a949192fc6520760061ac0a6b4529c71fac69ed99737c492d74d0417
,,,,false,0xc9e6f720c6835001965d93f2fa1b944c244770aaf35c325c0e8f447a6092e0a2
,,,,false,0x5697a5c286a5e965e0f2fe68f5b8a3c971112a3831cf6f86a4a79c9a85648325
,,,,false,0xa704cee25685c2e8080c3e99902bf9a87216d196294b65647b8c217923c3f602
,,,,false,0xc5a7159a3f9516a05c5a6b17dcb1b7b17e9a963748304602fe14fef98701dc95
,,,,false,0xd9e24c69c55976a8e7fc41f90281ac9a8783fbcb53c5d8fa7b815470e0273b76
,,,,false,0xa83b40288e8969edf9ee826ba266ea23f0ad1e7247624651ca07855f7eeaa243
,,,,false,0xf6bee030ebd6453c206507793cb98282dbc25d1445680b77c3dc025dadb58be7
,,,,false,0x9e48850f32515da7e3cee8d5d79738aa4db6aa0a44646ecbd52b25275bc150c8
,,,,false,0x92d6f1d9d4a8944201f0fc2072c6334d93196991eab09941b7f837f5429378e9
,,,,false,0xf92877da1c6ec855f9482b8f062de705f723e5b2bf4661d912fb1644f196a9fb
,,,,false,0x2e74bd58e3998efd68b4eb8c6f85046791a061907212cd8f98a4c7ff1b088069
,,,,false,0x151ae5f528c6b67d60f890d3a2e9340f4f1e42e3b0d8a2bad2ebb20f5e78b012
,,,,false,0x09009bd8f735c65e2712c4ba4912f5d0a5b828aeb803ee21349ff05439b5b842
,,,,false,0x307cfac62bc4d4873265764a0fad48a2fd2b28ccc8675cdbda20709645025a0d
,,,,false,0xca23ee4f75828377d9860a7beb8664f828fb7a4f7da4b511a49810d3ab357c03
,,,,false,0xc28c006d0a8312eee587e97ea74fa045e0ecd5cd284d4216d29c567a2f6bb191
,,,,false,0x99400cd01f8e0cff1ea0212ecf673e5ce48e12d35e1d00b0aa72f533228b5789
,,,,false,0x66914bb7ab78a9e7d27674144f447103036a8a918e96f6dc7df8efec2769bbe5
,,,,false,0x04db6ac68cf23ec3410a5f5dea84cb3c4080207ff4b38fd66c946b9458e45a10
,,,,false,0x5f1fe6eccc61eb8aeb74a08ad2a82716826c97a207a2cf0cdd3e228094fe183a
,,,,false,0x1f64f1d8fb7d0d1dd09547644d81c337459f3e14003b4aa223dcd66b44cafeae
,,,,false,0xd30713b11fe9ee0e11751c6dd6b2ec382bdcad82f71e5b8f7cdd2d3c11be9b86
,,,,false,0xc43dd83219027429bf110814f4e784ded5f4fa534010d6f56f3c7ea9a98d39f0
,,,,false,0xb6a83c01514c542d9fdfeea25db25941821857683142ba802e75bcf89215094f
,,,,false,0x113ba428cfeecc0a60327d92ff75a6f0d5c2b188d93ed5a53789e3702c52ada3
,,,,false,0x45cc1fff22b22c4ef60ce18e4d4ead1db815633f3dde5c3db076aa07069102e2
,,,,false,0x9719f48a4731ebd8b301afb38763e6c84f02ff566221c496b724c57f548a7221
,,,,false,0xe53af56a540755a58a87b3178b71081bc25b891becbc803a2163d734b49b7f10
,,,,false,0x3dfc5831ca55f17eff8911c78dfc3672c86af3f7263c7435edb9133a7a053ea1
,,,,false,0xee90869fbf9fd243ecce2af58a3d2ac4e2c0de0aebaba153e90262ebe2da2d89
,,,,false,0x7e78d206602a94f55880f615f5fc00d9a45f15fbbcc832670688a5aef88381c9
,,,,false,0xe34e89b985c495ee25b551be01b62557b00d2d11950c6e1ed06f14b08f9065d6
,,,,false,0xb4a308509af15d49d2f098208535fb82727e9e953c3d39185116bb54f73cf174
,,,,false,0x0642d6301bd40dcceefa4772dbf8e41830ec6d711fe10b4b684eb5d42c73c8d3
,,,,false,0x660312492180699e145b732c82bfc97520f269395e19e04b1c9586234a78471e
,,,,false,0x128f942cbfad042c11034e7be8c714c0e94dad1276171fe47a38e921d681972e
,,,,false,0xa65dbf0ab8fd2a95907ba4ea1efb41ba0f1c63066c6516ab79db730189bd0a29
,,,,false,0x21e077452c214868332ef25587e166642ef9370f1bab8e0374bb4acfced299ea
,,,,false,0xeeeccfe89dcf2801f9ab977e03579cac0e062804cb0ee97018cf486e9453d340
,,,,false,0xf3c96e878febf359c14d80a0eb414e1b55cc2405ecaf51dbf7303e5a23753720
,,,,false,0xe02753c31a297deffcef862ff56f6b2cfb72e90f636285fa82bfbc892dc7ed56
,,,,false,0x4714466d2dc66d2bf5870831a93ab14ea9d7e5fa21e31e83b6941bfc3ff09337
,,,,false,0xe44904af9c4bf8af9b432b789b4e77c36c3b54d1faac9473e35a886cbf50452d
,,,,false,0x8292d875a27d9610190a46e0702eba8a7a17a72e95c886bffaba13d2d654c018
,,,,false,0x2ad234ab48c326deec026d2681ff52867a7d31313032f24f65f6fe2972a40b4d
,,,,false,0x0f311c93f91a8d7c8dfacf2d6ab5ce2d840e6b1e3fc2311c33324af39db18f3d
,,,,false,0xb1a1b7e99c7b45c6cce4da9ec20c4208f584fbaa701603d8940f40568c2ef60e
,,,,false,0x68da108c976db9aaa91b173b6e57745a462db573c2c2513501fc81503b9880e3
,,,,false,0x3398a2b25fe5bf9c895d25a66b06d4b2ffbcc7ffba0c2dd34f293354fff1c1cb
,,,,false,0x6616295105d6a483996c74c10837b05ee60dd58da87e2535bfebca7b209a2c66
,,,,false,0x1d6eb051263b173fd0f40113f091aaf1fcdfca961baf06b31a9429d96568cbee
,,,,false,0x4bde82c325a3f069199ff6e51be804fd85962346e03c39c157b6d582fcaf0f3b
,,,,false,0x42a90e1801a77b8b3d62421e02b3ed219d90d89f1e145c284437fdcc57ccdbf4
,,,,false,0xded89f0d5815853f13782fb12d5a3490ee874064fccc295ed6628839ebe054ab
,,,,false,0x9d2c7ebd8de7e45bed0da0b7b4ef8c750d34e100c2dba7cca641cb9d5ff8bc6e
,,,,false,0xa0759eb253389d3bf6127c0323d51373b0a908a07da9e95251682550ae73e043
,,,,false,0xa7d52304a5a733aa5d8112c7a76ea5208e8bb1d2dcdcb592229b579be76e2ae1
,,,,false,0xe3c135065f3040fc422287af20d880f5359ca7e45832dd3c3e5420088ab35113
,,,,false,0x54638d34dc0f456aca7696b31eb9a015a191f3e1cd41cc611985eec133704b4b
,,,,false,0xdde8b860166a8660872c7a34fccbe6fac4ceaea4b9ebe79e52c8982ec14ca883
,,,,false,0xdcc10eed0a1605cba4eac2ca0aa3569f2d7df3fdcb2d04c7a115e5a65f644706
,,,,false,0xf4ea1ba14491e8c36461de4cd99857238f4c6a95e23e9b1a378f9710c9b4dd5b
,,,,false,0x9c576c002da92ff5990e7fba0214814dda013f4cbd7d7a342f6b791204dfbe6d
,,,,false,0x27c12cb038a85f78bba69c7676b03c9b3f0e4ce5ea5e67fadccdd554909a76f0
,,,,false,0x2ade2d91eaeb7de9d109bab0aed0d5fe68776f07eb0a83bc7a430e4642da6d58
,,,,false,0xeddda87d38f15bde326700bb5a98dee586c91b3ad9f456485b06009da95c3867
,,,,false,0x7decc66bcce5cabe8df3cc21aeb37679fa64480aa327f59dede70c927d1692ff
,,,,false,0xcbf123fc45c639191ee4aeb0fc722214f473e241d348d86afbcfe18c48939be2
,,,,false,0x82fbdf4b2ab47f7996cd42a527b143078c64b7c4288f1cdc78bb5a789baba1a2
,,,,false,0xa8d710b2455ca6e3728857d3239fdfed7f97752aa4ae8d8c7e90298c5eb66a43
,,,,false,0xddd6b3e3716c6dd3e4d43bde5f19dbe144f4c488fff9ed2abec4cd1461b95f19
,,,,false,0x9c3f4411e47beef65225fd400ed6deae1a5e9d40eb9f9674d96f8d722008a31e
,,,,false,0xf32ff466988d242151c24a657cfc857735b7622206acd5ae4125e4d8d53ae6c1
,,,,false,0x83b40bd03fd8148cd6bd18e1207301660dd2fc05e5836ed7f9cff152b17c87da
,,,,false,0xc9fe540201b90d42ce6893f631f5664d4c09c874fd81c4adf3f902b155e63c7a
,,,,false,0xfcdf9c284761dc0c947acd9a7ab4c9fbd5002bf3627e07eab47952d53a12e563
,,,,false,0x9dffa57eb8070abab9c3c88fc9ba1c2d650e8ef0fb0b878ece5ae5298ab424da
,,,,false,0xc92a3667c72cef11788e52af4aefcc77699da722da93e9a580af033acf18402f
,,,,false,0x72b982e9095d711071c69961433e73b1f329d5573636c46ec054fd72ba4b3fb6
,,,,false,"
"
