Inserted,Hash,number,timestamp,match,txs
Block,0xc56f188eda2e346a462e15debdaa32297e1f1ada4af5a84f72f2fe81fb62a52b,6357071,"2018-09-18 23:14:38 +0000 UTC
",,
,,,,false,0xf6290eb16c5688f20c84627c3e080aff5d62d7ab3318d6d233407a3583c76994
,,,,false,0x06ec1d806d94b06d1e6d25c1d701468448a9060e2feddddf70d1b8f56d0bc6c1
,,,,false,0x0a1398cc7a70b45bb48b682c767786ec865d31c697e613526d1a8cf6484955db
,,,,false,0xd3c3bf9f07159a3ca9068744a51bc92810a430907f299e6d3789baaeaf7a99af
,,,,false,0xc99327002e546e6ddfb05a172bf87bcadeba5396271798396157e0c1c7358826
,,,,false,0x7c909df3ff0b0e76e3304850a6541ba2bb8527e3e726e8540f24af6f6a2b6413
,,,,false,0xbb2b3fb47b5a9cdb9a2a16d9b20db89d3f410166a925943a2aeda2b14858db2c
,,,,false,0xa219b3d9e3e488e68e8cc0dc749dc120fe0948de452552611cd88839d5d59a9a
,,,,false,0x908f368ec0109143d649159677ea878825ea63da2e24a044470779b8bf239d46
,,,,false,0xb589e3fc2e076d1d6d5ebf5bff1ddd8a2916f15d0f0376a31f3d5b31e6e0cc14
,,,,false,0x5f2e5f7be0b4c81e47e7c7808e4c43828ddff04ab49e597904abb279111ecc50
,,,,false,0x8421044449896e3c26047cf41399dd77d34398256f58c949a5fbec0774db7d9a
,,,,false,0x7f5ab46638ad6bcb996c226fad314f8ea29f6af8225e79f3d2b434b83707f6e7
,,,,false,0xb52dd9c37399dbea11ead75501239f7ba095e26120f8b770e5b9c084c1ffaa72
,,,,false,0xfd85453a695b16ddd86bb5f46ecf76b58180c7a29a59e6c98e08ea3869118e87
,,,,false,0x18cfe8476471db0dd70d58059212bef052e2a114daeb7726674ee2827685bee5
,,,,false,0x592fcd084144fa52986b4e89b05ba779871dd53fb957852b43d63d5c157e861a
,,,,false,0x536c6aff1165d7ac4f74d750456cb88b1c8de1623569eb16a4ea092f9185ce17
,,,,false,0x71b44eb9aecc0a90d3654e596ab7accbe43c7cbe5432182b34a6a979c23bfe24
,,,,false,0x279052cf0c0add65e6fe060995b91ee921f9bacebc93c59d5543f7a7c8a64fc1
,,,,false,0xcc80187c379abc2d559b12fdb8d4fb490705c8985b13afcabf0e87308c2ed0c1
,,,,false,0xfb05e688dbc51231b49e2f9a40901212cf0bb4c38057c245f686d538e7044a1d
,,,,false,0xc1542cf255fd713a147e54398e2e4fa53b06a67c5865e74d49b746684e987724
,,,,false,0xf8297fa0fb8678d154ca51c722301cda3a4ea212abf673a7ba79d6cf49ac42e1
,,,,false,0xe1936c73eb24e3ed2a87e3fc29a102cfc884f859dcffd3c388a42c852d31591a
,,,,false,0x3aba3fc3dd1ff42ccdc6a2a7537edff0029410847392d9942818703cee7b7b5f
,,,,false,0x8e98c805da583808965d90c5bb7254aaa9e4d9479e52f22668a8712f56ac1d96
,,,,false,0xbdc3bb38607ecd11a68319adbfc9ed97e22a2ef6ae3822e580c18b8645cde339
,,,,false,0x64a91266ea75959153c7e5c5c65301a0872db95bf96b0e07591a7d49d2b6dc9e
,,,,false,0x09973704ff76b33510ea7e87786967d941a024c25b94c6d332a2ef7b0ed940ca
,,,,false,0xe0da854ac67d80f50e682354f03628620d33ace149ecd905c3321a285c51aed9
,,,,false,0x2f4f327521d1a12cae27b6d58577c2982e18212200c2fa9f9998cf5b2105dcda
,,,,false,0xded8d5758b0095e80504ab5912aba583b37374863da72e66569cc132adaa059a
,,,,false,0x5a215d09d0c5e56b73a0c865a11c309fa875483b54caad07fd3b51d820841ef8
,,,,false,0x9f1358d25fbb47a1174e41f03f9857b30c89d4ef1a1aeb190e21e0cbd88e8012
,,,,false,0x59c96b92ade1c4c074d71ffc278ce6bb70cd919345a920b934c70a4829fd056e
,,,,false,0x1b228f29e3fb5be617ac156e8ed28a3bc857747510f51fe73dc6b0ec783829f1
,,,,false,0x8ccb6d57f3fbbb92d82924ee07de246a335e1363c41c24432aded8a037e73be7
,,,,false,0xd3a16c583afdab8d9270bd45fae0c72a5c6fb34c365d4e43ef372f08d62af306
,,,,false,0x5dadd0ae06056a111edae6866b125333f4a8cda7883efb929aaad0983af1edb2
,,,,false,0x9cbbd57aabe0b6f73eff9bf9694aeaf1ac09aa9c66808c04617ca4c0df6c7a43
,,,,false,0x91513f8381d36700cf099549df4dd4342f027443d37a8235faa70ecb2fa06a47
,,,,false,0x57d1d7640276f837cee3715131fe08635efe5e5260e7fe8ff84e5096356162f8
,,,,false,0xc52e2651a0973a4745bc5b8292d63005adfbfa58e20cec754142545285cac795
,,,,false,0xabd7e51bd622357ba124b7bbc072da290ba823ec506a5c07ececbe0d2af21e3b
,,,,false,0x42e3041338f1676a7c47327daf0e85dead2573e186f0d7de177b58311ff1c6f2
,,,,false,0xe9bb6ce216d6d34787126db940e1ac64c6151967991fb8c9a1d629660586780f
,,,,false,0xaa2e03cf5d411f37d2d28b7d4e6db13b95675a5df15003eb52a4e01cc0eee83f
,,,,false,0xb138f4c3b5b26de8499c8cb7e3c64c3d9314c49b9a772d88813ccc8d3a5ed1a0
,,,,false,0x081a4c18f54c6a2b88ba8478ccdb042613ac4d9c5e427f91090e550192d25524
,,,,false,"
"
