Inserted,Hash,number,timestamp,match,txs
Block,0x9a807bd379a5e1d29398f2f7a3389610fe0e0d6a9a5d85581e4c4e4570a37736,6362161,"2018-09-19 19:11:13 +0000 UTC
",,
,,,,false,0x6a1ffed529170830d178b6d557c29b0db95c5de3c4cce1a69520f8a06be6d483
,,,,false,0xcbd78af33cfa0beb14e1203e29d87521c0b889ac0490adfd88ae82b26770db68
,,,,false,0xfe1d8587580f308096de875274d680b9417998bcebb09241af97dcf9ee9bc589
,,,,false,0x54ef13f65ef54388cd0e24c039ffdb0093b559a001cb6420ce974026b8494e50
,,,,false,0x6357740fd78f7491040971a305abd201332cabd51163406c59f44dc208f1516e
,,,,false,0x0fc474e87a181f4e69e3faf934ff36d6496f4604a2850eede2c54f5dfcec8ee4
,,,,false,0x0a975fdd98a42cd9f5becaaa8f7c8dbe65e81c6c2c917c556f778d3e9a1d6e3a
,,,,false,0x5ef046caeb9146bd0ad3398680d1cf1bf6587985d636a13bfd463d9f9c36cf19
,,,,false,0xe0adea5881af1eb45e2e6477e954afa71ff146bb202273ea26237b119d8bb8e7
,,,,false,0xf6ba35f9339f01ce9ca27bee7874d97140f272167f1dae436aab8cde923a4ae0
,,,,false,0xae62a714d7dc5e3d5021c05eb9ca1c5d60b15adfdc5d13161dca90a41c3a25f3
,,,,false,0xcc91aa113e01a650a533dbd81122d214d5d3a41c4c9986fbf7d6d2f4f341c8dc
,,,,false,0x5ac55dba0252450e007d963cd26b9b3aa6d63118d530b0fe36efb3e96a9ab5af
,,,,false,0xd6b05697ed158cbf9242d764b9f00f9dbab34306a72ddc4869d776610e49a63e
,,,,false,0x37f504cbd6c960c768e1772d48dc10f4b67ff01505fe7711ed5c46a9d5cd265e
,,,,false,0x0a6d28d4224e6910e7630c38ca462516f9712693fd6ae70280b5ae8e9692bfe2
,,,,false,0xfed0402bef8fc4b703c6433ddf321d987ace860695eef5be413cc30de2e31681
,,,,false,0x7b88c5bfec9e665c87b0326d7bfbbab4aba7cc773fa690faaf51d155fd204e80
,,,,false,0xe91300ab7b776650435cdacfc457da5fe14273ec730d35d2037d3f8a36e75672
,,,,false,0xaf519872fc8b8d3e141793b97f9a7afaedc8499c287dca4cea57c7f2318fe9a5
,,,,false,0x0b4b8464fb4ee5e7d0daca351e67fff68653016bc1d52bff3b60d78f4a7bd5cc
,,,,false,0x3127864f1cd4ca65bf90299cbc34e62dbce1ee6815990b4097a005d8cef27c9f
,,,,false,0xd671754333ad7dac0c4835b07f490deef169f204e868a752297d1e9cefe9333e
,,,,false,0x72d355957422224e1a1fafcc57b5b129f0aeff4cf20e7b6c65d5223563563578
,,,,false,0xad4a90511b6b3e6c3e15167cb4e35cf4bf2cfa9eb617d522aaa21011821da93c
,,,,false,0x5dad7926ba42eeeb223bc768684824cefa9ecb865c3c84b82af184ab2b5708a4
,,,,false,0xfdcdb0bea668c9d8f49a3d90122be53cd1eb1f5ab363cda8ee38095a7a1f6140
,,,,false,0x3b503fffc65075c837feac5da550478f82967e071363cbf0f7abf6fc3ef13959
,,,,false,0x7b14720a31bc7a3e2e553cbeea63bb62294b22320577850e58e5e8a349dbf373
,,,,false,0xdac634f32dce3185453a8dea2c0a178ae818ed3e7b87422ffdbc230ff2ec9b8f
,,,,false,0x173e3f337c5becc384c21617047d407c7676b1af6be846b397e61e58ef5444c5
,,,,false,0x511653369d71b0d3827f428854cfcbafa35e87a6a0c194d4ec9968dd9fce3315
,,,,false,"
"
