Inserted,Hash,number,timestamp,match,txs
Block,0x2f3dcac51c0326272b443703ba055a347b69fddd32f37dc20b38cbd079f78fa6,6357047,"2018-09-18 23:09:56 +0000 UTC
",,
,,,,false,0x56acaf0eb559d1e7661eb7b00569bfe6cbcea5c783dd9bb6ccba36fc5dc6fe43
,,,,false,0xf73cd2916116dd00abe7630f8e01830f49d5882d8cbc3efcc6b983df38fa90be
,,,,false,0x29e572fba67c6a1241da2eddf6d51dea90bdf7b31e2494134182f9ef1f4dca7f
,,,,false,0x1f7ab10a92dc9d226b43fce80ee7d0842a766f6901a639ba78dea6485bae5b2c
,,,,false,0x52880450b596849af667e95ab07d99917349861dec0d088a6b28e8fd4225ac71
,,,,false,0x0a8e1bf9badf1c4cf7425ba9aed94a574b008f9fe73ec0ff94948077a9fd8d56
,,,,false,0x42fe522e5d46033f3b01581bfcdecf5a7c0dc79d8fb72c985a16096e0e72a063
,,,,false,0x59d47ef308e52d4c0968333772eef81240a0285ab30310f73f285f4e99f53e9e
,,,,false,0xc4abdcab5cc2ed13f840f3c693d57fe3c96d98ad85f063bd3d9dbfb45d3664b7
,,,,false,0x88c1ff645fe0537b3d4840f3a0efad6e47d31bcee5f0ef91ef4c41696cf793d6
,,,,false,0xdf887a562464f6b9ef7d391dfb7227d1eb03a0735bcdd20a0e02ab6d50fc22be
,,,,false,0x104bd0cbff134ffdc9745e9f6607b2dca5499e3fc535b2ffb0fcd4027522f961
,,,,false,0x8f29d6153d9bcc0a6f8020523ebdd918c49065427d2e0f832636cde2b424a42e
,,,,false,0x0f6dc2d7e93a863932e67dc32ec783afcbbdb53c55d1dcac41ccaafd5dfe980a
,,,,false,0x6c73182c3bdf92e75954f9c813860a97ae29dfd75b44ebfe9ef1e887d8d4c8c1
,,,,false,0x5ad3323441cddab2b9792e7f95d4af34ae604ca4f57d5bd49a60b09edbbea5c2
,,,,false,0x127c327a43ced9d4a95c33bfe98f5bd447c6b418168a90ff08b28328a7515748
,,,,false,0x8f04c334559cdf0dd925507d0db578cf4b7d6456e8044f0c7284e0a95ff15415
,,,,false,0xb768afaa265ad526d6a5439b5bcee050f54d9555eed2d03156d5e090541f31f3
,,,,false,0x9f5aa42f3f230ac904002a436f0f0c8dcbc2b5094ca8b1875f94fdf6fc762c1a
,,,,false,0xd755f82016bc483d38a687d540279ba1ca6f51a60a849e747d5ac5b333a52561
,,,,false,0x9f5da680987e150e07fd732f25934a17787423564e53ec2911b4a7a19f718b2e
,,,,false,0x274884845fe55f2221af69a1f5375ce0bf093848f6141b9ca7c65f622341cba1
,,,,false,0x347b2c0cc33853865b55a536572d4ed680a54524edd7eb23c901b6eead1faa38
,,,,false,0x45b639b973f5f6f1f1132c206bac04fe0ed1622d2c905d8535909ffb2df7c66e
,,,,false,0x60a91372680935f2d2e6cc7c50892997b23d7b7ff55b87e32dc7be4db01811b0
,,,,false,0xeb5d7289eb0ab4f16499b4f2a38774ef5ec700e693a5389034a912c0c67fa8af
,,,,false,0x22aa01d5914edc193f0a411b9b021722f000c71dcbc09864e58fc5b7e203e463
,,,,false,0x506f5ca95a660f49f68a2eb550a51aaaf22f861c55de4f364266eec4097acdf5
,,,,false,0xa9609a14507150f19d650931daa136ef9021e56affc349bcffc3e8b132416b37
,,,,false,0xa1d233f6f45a44d0755c82f415afb01b6ba5116444f82c05a84bbeb5c8c4dd6f
,,,,false,0x489f7cdbdfc296a0751b427b5d3abc05dbd96b52e0166c497f421aac9f9c9aa5
,,,,false,0x1f46f6f85688789751786a6e4eeea7189b445dad3972fcd5e9f7d7f9756eb803
,,,,false,0x7b177309f75fff5427e35a9f540e102d186d17b88bedcdc37ef5ab13138c7a3c
,,,,false,0x57bac27c963474474b571c185090a2a4af69ec78dac01ddb66f03402fa2da014
,,,,false,0x4cbaa832b6462a4f6be9b00567d40664b40d2bbfa61a90359d19ddc6e611e5bc
,,,,false,0x4855884d9e89961460607e7832b742c90550d59ded5258acd817667d12e4f2f9
,,,,false,0x5c9d1c551ae9865d469e7381e16350dd358b7c19cdaa83fc5434f5fee023f240
,,,,false,0xcd349d9c8289e605d8f1883e9c60ef61283cfa5293cc2ecd9b196c0fcb6ca119
,,,,false,0xd2595707e11dafedd5e927a994fa1c93be93676232302f64c795c4719600a995
,,,,false,0xf21b076e24e69a0cde6ba61cf98b3ae33029f7a9a7dd3d5e779f6e69f94c1b05
,,,,false,0xf6e6a93df8903e1077579e43d1bf88690321b4af2fe7f0f66657ea7d29dba4a2
,,,,false,0xaed1d9e7fbc046a4bb5f65c5f130eff1aef2dbb4bc133a0b1ec0f33496a00124
,,,,false,0x078402b3cddc068a9a109f965c9003878e266ea4da59ad7b0809f889c8db6874
,,,,false,0x04164cb8017b3d19e4fe56d43715b9c64a3bdf94a789ff617d34f6beea868b83
,,,,false,0xdf901e3d6bd188d63581caaad0639df9cc26c449dc923fa4d13754aed292daab
,,,,false,0x6a898cab727ff726376c2f02803fb11327ebf80733a2fe9779add1be3ec856d4
,,,,false,0x96dc18f2a6867413b43bd96041533b70f9eeb773be775af172d910f62789bc70
,,,,false,0x81bf78968336e3e0f7be829adc69e16119bb4fbfb63f41e08dc4241414530479
,,,,false,0x93a2619dd4b1a69da0075e3bf7724e09b775fb75a7439be2dbc24f4b523af253
,,,,false,0xb0bb68c5520826fb99928f2760229c89c56439f13a7611ed412f1bf637f1bb39
,,,,false,0x93c84e8141f820fe04d2c6618c785bbdd76bcd23bbd4896f97c638a2e66ad112
,,,,false,0x9e86f4af223cfa3d840c6bacd5a1d202b21a80fdbbb018c97c6dd8d56a12722c
,,,,false,0x8ebf52079c3b1784718d7aacce02f909079d92f7543d9b26da2b1c8238941793
,,,,false,0xa2c5d6fd6f2364524eff43d1310b62160f2930c3332ada1158cb3e7292f5f5c4
,,,,false,0x3bf0cef07c311b133fd0b08caaea110e9241467ba76813f32465b3056f55eafc
,,,,false,0x6dc1c01ae65f3e97c1a25de0f8cd7be764388e9662964b80e5f3f2877acb33b8
,,,,false,0x7adada346f872164fd479b158ac16ba8ff623aa607375b4513c86e1e8995f5e4
,,,,false,0x8300759a79c5b33892805a7c3638ab9a0f9c1ffc911daac38e3ab97947810526
,,,,false,0x4c5a3ae6c35f964f9967c14f1b06f15fd70c5da5229a51ac7542b3925d8f7729
,,,,false,0x4b8d1db99db98175a5d6cc312c1cf40e5e2dc1aa749d045fd9ee5e1bd0f5686e
,,,,false,"
"
