Inserted,Hash,number,timestamp,match,txs
Block,0x06f2c480d9e69fd30555a9214cf059ef53351e26c88a9bba562ae5a0461b83b8,6366243,"2018-09-20 11:24:26 +0000 UTC
",,
,,,,false,0x952537ba50b70c1c97732784ced9e9f8e9b24325ae94584cc2a0c114428dda6e
,,,,false,0x86eb227ecef408249eedd16b48845d75db9e670c4045789013d55a8a3d0ef0d3
,,,,false,0x24808f0ad8257f1bf055ef4853f8cf7be917c2c865a01fce3fed373190541782
,,,,false,0xd02b8ca7874ca28c857ff765d314b6e2c29788adfbedbb5dc129ab7f41ffee0a
,,,,false,0xd528dbcd52845b3dcd389bfc27194c5cf91f1c0a85f997765bfd686794fb777a
,,,,false,0xe4bd4de12462679d71037764078d526414b7a9edd2c4f764a473405228c122d5
,,,,false,0xd5f9f7d9e6ad95a13f061d0bb4ff379b0726fae95746538e6e9923866c3dba3d
,,,,false,0xe7d8024a77859c376b26390e511d9562dc65dcbc8465fe626930e13e51baf1fb
,,,,false,0x967c31f4b2b76939e47ccff142d7080678c5a234067d70b5bd653468c5d1383c
,,,,false,0x3b88eca55f5e3e95131668f5800214db1349892c4e92a3d329da134b80277578
,,,,false,0x937737bcf16735e51b80db1cf5d9b3e6c38e89ce00a02c582113516bed5b0d0f
,,,,false,0xd6611bec1750f3209cc94bc1a69dc11a4fbf144e1436741eb5187af73492860a
,,,,false,0xd5152a3c713ecdbf7f8c7410f04631efbbf38a2b3059ef58b057266a70ef6e3e
,,,,false,0x73dc7873d8433ee8bc925182e63908b0f32462e764cb490fafcde4d669087a1f
,,,,false,0x16312cffcdaf1598282b2cb5bc1bf75418474b0dcb32d6ea6ebd95595096d46e
,,,,false,0x1a6071d6d9f87ef1b7a41c2269710bfab7b9b38a474521f60d9c2758ebbfcd49
,,,,false,0xd66a8e76f7454aff8edfde70e10a57ca57fda26ecc26c32d0ee39862d2a946f3
,,,,false,0xba0798cda990e8dcf3b4afa57c18da058ca098f0b4bec6ffbf84ee9535fecb09
,,,,false,0x530e90d4f93e35b81e08d40d5c4f34ce257c97bdd2715a6961cc9e922c6e559d
,,,,false,0xe0e44b459551fe4b1239f20b4a243f85c4ffe8da9ff75e413049c2f00f2b6507
,,,,false,0x5660a2462dcc99ea14aa9ba1d0c730926deea94825e7116ef58cba4d5d0f5e57
,,,,false,0xec55274a1d231c97b54f94f22c3a2fac73e3d9bf8e87168b868591c5fcffad46
,,,,false,0xa684cc85843b3cd8ea05586b17057cfce9711bac4ae5f5a98218251e2187a536
,,,,false,0x1baf3de22f7b8335016fb146a2120fcf23133329067e313b1ac29e526d605f54
,,,,false,0x297581459e612bc47e62c30e83e5f7d9de885b8fb5beb33a2c697d419f736782
,,,,false,0x271b1a84b98368337b5e77a26be08009948e2009ed728f2eb35887d0fed4f816
,,,,false,0x6b0331d123cf32ee4bce1596150a18d9657bd161b1af8ad6d3a6f1e6b5e01891
,,,,false,0xa71b083fa88087a3814ddf2c73247514ccb8f00dc404d04bcf7a2291a33717e5
,,,,false,0x3868b4242022f760e9ca8cd5e681bd6f6352f10dc02f7c5c96b156b60c387074
,,,,false,0x1253409612b85db22f477f3c0f71ac6e51d212ce3bf263e972642ba3fbbe5aac
,,,,false,0x45a257f2789cd24c399767efb238e3569930fb79f89b30b3483ed5176c9f9cd8
,,,,false,0x65df97685a0ae54bf6b71f9b3026330f9c2761831d50273f54592e884a6e5574
,,,,false,0x18ed562b1d95731cd348b717f89c2c1f792ec0364f290072676ab7bc51793b9e
,,,,false,0xaa68844e1fecb60b0689b7867a32b4eaf5ef51805bea5737e2157fca11fbdd97
,,,,false,0x8d31b84f2d8833d60a11401b282c2df77c58645379930454ee954fb0b974d8e1
,,,,false,0xe7905c92d3c073a6e0abc7ac3e07d9261647c469d5808ff39d648e02ac9d6570
,,,,false,0xd08d42b762c7514ccf91cebe0dc87a4fa957deaa18f155fde5e8d759550f8272
,,,,false,0x95c3d86ed59270e103691c28f463530c41efbf07aee0623d24f5b1f55723566d
,,,,false,0x3b66559081d09755a26af1c8e0d23547611f4c7e09ccd7894fbd7657329b3116
,,,,false,0x99942401c3142900f383405203698da00458abdd12d50f87d18110ffd818a263
,,,,false,0x32b4388fa227865735f39db39483bdb7e0249d433cc7c39ae745a0a2dcbe1b6a
,,,,false,0xd70d82aeb3e54677352bce30907b4f9e0490e149718e8df7d5e3020a9c13d222
,,,,false,0x8ceb4d49d6b6a82a282e7459f876a06666a20452938d65f2370967e9599ba6aa
,,,,false,0x27646ee5009ae671091923f1d207d401e7336cd4f61308b0050502f893d1041d
,,,,false,0x532efe36609810eb872307d7af8b23c3a229d2f7bf8dd18e140322feae91c07f
,,,,false,0xe3e4a823f2ec30c9fda4011c6d98510c5a68742db7069b66e0d35b0cc4854376
,,,,false,0x0e99d72a2d8914138aeea46b37e22461dc7e3848a8f48e36147c955aed4e8983
,,,,false,0x239ef2405f3d61ddff17139a1f8a675a6d406d087b36aa5d28a473e5fe5778c1
,,,,false,0x1abc70527e52acb829c871e9c9acc82bdde2e18f73ac1ac53fed66bfd96c5246
,,,,false,0x47968052f89f25340ed27eff54bac4188369fefa1525fcee1a052984069fb90c
,,,,false,0xc7a3f82ebf89d293a1a45e69402609c663fbca60ec3b00b5c43146dec3cf7656
,,,,false,0xe4fb686ec8ab86ba3dc072883cbed8f066711313f10193995d8f2e323d900778
,,,,false,0x3e08548733b9088b4838d97de98d63f08732eb7fe9d52dc96fbb3b94263d1acf
,,,,false,0xcfc9e64a04c2263e05b97e7caf4baa97d32e0a0e0805501bb1b454eb7b860bfa
,,,,false,0xe0e096156bbea96c1b9f91ff1d097b7e6c2182612ab194c68689b694293bd5b4
,,,,false,0x66c65b6ddf8c2619869eb5ceaf3a9c40480ff669c832c2c03165e25fff1b858b
,,,,false,0xfdde7b177daac827c8266215adf3e079faaf1667f8cc8fcd4ffdc918468ae7bc
,,,,false,0x08f20ed347c7c8ad176092ce9594dc98fe26c8367133cc1c75ebf6e7be8ddda8
,,,,false,"
"
