Inserted,Hash,number,timestamp,match,txs
Block,0xb5ddea6b83a25932e5f86feeef08886a0a231ff444694f59055df0e1714c9f40,6356867,"2018-09-18 22:24:04 +0000 UTC
",,
,,,,false,0xde817b9de45d4a1c43e1b043e435cf45304b413d85c6ef1b81fb2412fefea34c
,,,,false,0xb48a55f47e4dca40ecc598cf717921342e19a2d96e9fe5f172ea4953f18e5785
,,,,false,0x76f48d1a0bc2cfa44ae2b7b5275c0dd1e3600a28f643284889ccf61ba1d19dc4
,,,,false,0x05eccc33194e2d8377daff18d93d20fc4a3fca19caebb2bab81d59665e75ff92
,,,,false,0x71c4d33bbf243c8512ba76cb50b0c56a91e9ecc468939d228bf3cb9f18876b42
,,,,false,"
"
