Inserted,Hash,number,timestamp,match,txs
Block,0x39f78d67d6f8778709c1c368d5a35a20f00ceae6ad5705deebe5a85503ce37c6,6384825,"2018-09-23 13:05:46 +0000 UTC
",,
,,,,false,0x170ab13284a443bd066b006a9127204f2b145b19f47930bfbb28c837f444447f
,,,,false,0x86d727fc4e2b31a7e8ad0f6bade101315816adc0b1cc5bb77979a9c2cc1ab44c
,,,,false,0xe1656a8a896b84bdf96de6446afe9fd1740bfb365fb4252669d18ac41a55132e
,,,,false,0x16a1f3e31b570a8ec0e24f0c17e3e929c25523d154a94f70766d6076dc2e599f
,,,,false,0xf5e814b3d782caf630600b2080865d614ba738926838ae856d13839ccb2f865b
,,,,false,0xd205c9a9b6399a3821f1312cf883ca32bc0dcfe67e8fce1e4d5c10d3aa4dc768
,,,,false,0x120660fef2357f234fcf1d2efe37feb6bb07590ee3754dbd12012da5d5838930
,,,,false,0x9702dc9f81e2a5cf9b5c9cb114eebaed9b6559f0347ac3a1d216dff0673c7d30
,,,,false,0xd2166d97146bca27a833bfa62041abbe6517fff1f7f0e97ace7a13f1c5906faf
,,,,false,0xba21ee442c91fb1099f2c8cbcccbd117adaa82c13218d7aeac218081afe6ab63
,,,,false,0x514642529ce1003e0fb8aedee7effb8564a351130f582f65c766b48a3b77cefe
,,,,false,0x010e82444dee8e9ea65c26e741c6a9d6403bc655f0744200ef0a84d5e5c6bcc7
,,,,false,0x10b0c39b6d6e3e69466b3af509bcc55b517f02541059a303b3a022554626ef72
,,,,false,0xcdcb4a9b8bde1b8e78db1298bead8937707f08828db5d6d089b7d7b00bb4a074
,,,,false,0x83a930ebb01a83a6901b5b42539586cde284bb1217abb0de3029091c54911f96
,,,,false,0x5e551e528a1758a1f4762d6b491ce4169a005a553ba307f61fc1e1293637967a
,,,,false,0x28a11d2545f72946d2cf3a48a91da3dd32a67b4cc4ea0b35a2661854b892ded2
,,,,false,0xcc69fb83ed69996b69ba2e4cd0ca62d3333c5e732fbda4cf21ebbe457e92c855
,,,,false,0x7234f324bb7d40454aa4d231169592ae0f85f178746a44557a6712b7dbd69072
,,,,false,0x757c581877392259b6908e032dbec2cff35beebb9773987f7440fbee49fce223
,,,,false,0xe4697a35a069fdf0f96fcb0981627fcc6c569b9431cddb129a53ef89387f1eac
,,,,false,0x6125f4aebb65b6d334698df487abc037e4ba936bbde77001d58546459c8c0f41
,,,,false,0x32fd062b274d6b55c9f36edeb140b47d6afd78c2f4fb0b275cec90225eebf1be
,,,,false,0x327ae6a0f7ec1388f1398bdf6b2e7ecd6754283b09d2776ae8ccef66be308c00
,,,,false,0xd41db319748c3a2ad6b0488cb21baadcbffc36fcf7af6a6b0f93200de0d830d1
,,,,false,0xb99c95042337b41b1e29bc49589bfaa88198145ea7fa4068462bc714e00bdb11
,,,,false,0x4d8363941ebbda1ec3ba6fb3eda87d15fd9b6b10d5eb9b1905d5d07518b8de6a
,,,,false,0x8723746e29dc167db4500fcf18ee24e1abf052fe2515ca8124647e60879864cd
,,,,false,0xde71595efde530ee5ffd1ccdc2089c101e4dc7b236f0f45da6dcfd42aef45be2
,,,,false,0x151eca74d8813fb2d6cbae8026abb07816c65775e914112317f5ae031970c159
,,,,false,0xde86e6564b0074fa4aba2e630be0c76844a0794a16d5c54a78e029ab911d0e76
,,,,false,0x207c5d89a3aaba1e24751f854c88374fcc06409d24ec52f15b5ee0b66a924d8f
,,,,false,0xf6cfd9377701ce473f6a7d697081e8c6fdb43891f17be90e3e957545b8185b61
,,,,false,0x7b31dfd9672895d8c821c03f0a6e84c936db2593c9e2858e7a6502310252c681
,,,,false,0xaa64b27d2307ca27f6f538426ac54f268fcd40d9152ceade88a1234ccca7d226
,,,,false,0x35f783c2aad592eb8d231288919f2720ff1b60b10c1a938a5373e994fb5c41aa
,,,,false,0xa387424e18e971b8c999e8b83f0e4ae14916efd531857053628010262061259a
,,,,false,0x07a9743247957fd9a5d669d9d0aa5673890c3f08a50cd4b88230d19ff9f43f16
,,,,false,0x550722437ea5c822d84521d97917ff9d0a4b17c33d0f57c2bfd51b5d39c24606
,,,,false,0xa2b987efece66787df804709273cb7650ce6f75ab03586fbb1b5b2917bb7a4e7
,,,,false,0xac4bda05035337d271d5a9d9b8ef9c0987fa87896f77d35857abfccc23117cf0
,,,,false,0x0ae2b00fc18690f52e9b5c8a841daf84fe55bb86368d44053303afc602463178
,,,,false,0xf5cce2c89d173fcf265ed8650786cd2a90360fdec0dd60482fabb6c739ffbb99
,,,,false,0x3d640221c1a739cc447938aeb0a1618f4d3278e5454e8aebbfa6b7c54710916f
,,,,false,0x64c2602d2c0b8e26977a71562eefa10ae28d385847ab74342b09251562898de2
,,,,false,0x5be618f98aa6d23c8d85b1dd172048a7a8d01a34f587db115da8aad483189453
,,,,false,0x4cf508418b5ec8f41d24910583f76930720d9dee2b12f3fd4d25e560f1384081
,,,,false,0xeb157e683a493c4d875b321df51212a2d7d42955b3269408bead2ec60b2d90a0
,,,,false,0x8ea91e8ad4fb2671998e3a03612f8855505ed174345e12612085b3136a2dac56
,,,,false,0x79da2fe9f7a907b3082e9338080864e4df153cd8e3fd7398e43958f4af442125
,,,,false,0x54f392550f7d9fe22cf5ad21aac8ce9b260bdd5fedf86def39a34e2d90275b54
,,,,false,0xfedec80d2cc681eb8c18280657b73f2c7586442699a979082aad253c4fc06210
,,,,false,0x2925cd9a731173cd5f0badd02d51ebe699c26e2debe069adf3515f7d575fd810
,,,,false,0xdb93184a6fc3066829b30b53143bd04492532c8f64c163352edf67c10a67c7c9
,,,,false,0x8bf043ae31e4c4aa201ae7b93e2e04243573ce4d8afb1996a4d2cc9dc2aed789
,,,,false,0x094b855726ea92660a1d4cacdfb1a03aaaada61bc0fdcf382843b37d6674fb72
,,,,false,0x1853ef93059df7062afafc3cfa593137efe5bb8414e70b73df040e569d109d9b
,,,,false,0xac298cfd8ae5abafb04c78dcf9869f7f3882a3c0be866f4185ba1070a4744f5c
,,,,false,0x4e5b26352935a82b561ded71bfd84cf817610dacd320e7373d5db297f334d5b9
,,,,false,0xea8cc3b6910cdfc4ba6068cfa90fe23849a0ebcccf5cc17e12b4b4c3ee863af3
,,,,false,0xc4219fcc7b3a77bf14abe7819991405a4311d9e394969920cba3e0d0436435d1
,,,,false,0xdd342b0966cd61c4c4a83f119feb0b6ef24e0156d02aec9f9e2ff3991bc3e666
,,,,false,0xf2fbde1b5c3640fdc389a039777dd7968177540d38d1eb13dae25c7bc48435c5
,,,,false,0xef59949810f70f0a27dd51a98cd4bb63de6adb7802ef9593b74de203e33bdce1
,,,,false,"
"
