Inserted,Hash,number,timestamp,match,txs
Block,0xdeecb68ddfc59d9b66510c580483eb4c25f40a0534cbbca0aa448ac20dedd46b,6377897,"2018-09-22 09:51:24 +0000 UTC
",,
,,,,false,"
"
