Inserted,Hash,number,timestamp,match,txs
Block,0x9406021ddb74aae540f59249e51e31a377162ded32a6aa516ae3f15a1155b24f,6374630,"2018-09-21 20:54:58 +0000 UTC
",,
,,,,false,0xb05d89df798d5b9ce07accb3c3dd2478df8c9571e26710711c502dc23ec1b3a1
,,,,false,0xfe18eacbe6e0d0f8ce67d9af5452d90d8ffba11649cf3439dc9bd6270926fd8e
,,,,false,0x0f3611bcfbe90ec4796e75688d7eed3516f172bfae1f33a49e46694fe33650eb
,,,,false,0x061f67e1de4ff2c42b735a8b34ab6fe0913bf54cf463b965a95d7e0e9af20832
,,,,false,0x3436ba8421b53607b80ea1bbd491b0e34b4a56c7d43d3f49c3899e4edaf1aa71
,,,,false,0x87ce159854582c74657eda25a777af8354e4012b888a2a2d65a177cca2f546c3
,,,,false,0xd14fa31321c34cad37dec6a7dab15447a80401037f29c05b3c873431b05079a3
,,,,false,0xb3b949176eeb6073c3df8dfc1f15869076c7151a07257bb15d795d2c8f5d427b
,,,,false,0x1dea6a5fa994cefd40fa747dca1eb0b9b4c224e95c3a644002f5658f3ac919a5
,,,,false,0x04bbf2fcf46b4faf9f158450e01fab211b68c24719d5881eed34cc5192cbc1fc
,,,,false,0x5eda3ebc1ed8a27296e375c200aa3b9de334b0b50d338066a64fc9f321a50bb0
,,,,false,0x28983f54c5c49cc3b75e501bb10c2428b03c3c9c36ad9c6b97b9badf3d20c022
,,,,false,0x4d9024e415000908211f9cb8c0de07a9e4ba8f97bd39cebc56b6f16450bec5a3
,,,,false,0x1e8f3496a49d1343827e543a518a8ec71d5e72712007d9cdc9467f3b9a2d1e5f
,,,,false,0x1454d4d82c15e9d0e56bfe5bf3b428ac128626eaa9ce397d34d2d116ca5d988c
,,,,false,0x7c299f6470e9bd813206c0454447c769fc43fa024bff9eddd1d8dd1bbeaab727
,,,,false,0xd8b10655fb56e95da9290e7acb7b3f3d7c262a956542c4c45758f827bc4ace03
,,,,false,0x6e08e13752aa51bfa273550d84a785b3b4d587e899a4c2d1b6c803d304128d96
,,,,false,0xa8fd2cf98e3f08416186cbf61a03c5a5435f7c5c72bb82003602e6ee516b0187
,,,,false,0x31acae6e0a9d32517bf8708af6a54d54e163dec2d8b07d05d6a73102767ded2c
,,,,false,0x4f49ce3a499505792898dc7b43c800296d76fd697b0d8efd6c8d7c28406f3679
,,,,false,0xa25b68dbd7c0f385cc28fec9591486b279cd73c763d7a1d4951fc5676b7324bc
,,,,false,0xe3d35b2ec76be9131ccfc9cec8026d6324cc5c4af8d99adc4b1e6c43a8e637b7
,,,,false,0x6082579af7c5f2e54bc97f2999e3452c8d2055ecad28a644ca4b64ba93d1ce14
,,,,false,0xff10e6835fc8da7175b75a1e07a24324f0c6a752dfca1c19e7f00e101f740fe2
,,,,false,0x865c9d66a5c1b2bde43f0133f29fb6d052d1cfe7bb847baded13004b6512d11c
,,,,false,0xdca4961494ec99038e235f42adf2d45760bb3c98357f0af22df8188e68bd1805
,,,,false,0x07c892f9b96a19b6dcfb12f5de308ccaf5e2ed51d4b6c9ba5e4fe1006bc46e32
,,,,false,0x8fe79117a188822b7c4cace0ff62c6a1b854fd5cf57995f08404d685c709943f
,,,,false,0x8100b555d0db988149865bf830067de04bef1ffa52f36120880d1dfe9b97ef27
,,,,false,0x564f759eb0889463309abbdb9fc16e968e0d300f16b7b03e72ccda2e32d2323f
,,,,false,0x53d279afd27f7b8838337e584e2956c6e63362775879be22cec33a2c3890fba0
,,,,false,0x8dadd21c061a854d2c9bd9741b18bca4f2a6df18ddb5a425f375f94b21a6820d
,,,,false,0x9859eb3d4a4211051abd87d81df9f10b9669f98f15fbda99750623bcaf4e0650
,,,,false,0x5567eed090a92777d9b4daa9c01987d38c819a876c2e442aa173433c46567cbf
,,,,false,0x3a98db721942735a19a64365c0f0a5d807b0a97945e99794eecdab4c66f33cb5
,,,,false,0x37eef8203ca37726cca0dadfa3d96a2efe6fc9ba671caef20aa8f9155289b3e2
,,,,false,0x572f57c5163817b3fe1f9b9211552c28d66d6575f4f69362fd2fd4aa3acca728
,,,,false,0x4f874747a85e4ad18149248bc27552b2db3a68aba632d6bcc336b3b662069f38
,,,,false,0x97bf5f94e6af54b0361b4678e7ab79f4b622fe7fec9cc4c26ab208ccd4bda626
,,,,false,0xde5ea2ad6787d3926cfef9d034cbf4eeb38251a0c4b31acb3063afcbffb8db22
,,,,false,0x715e2980d8eafbd9a15405e83510edec6f89d1fb585ef5b4a0681d501762c49d
,,,,false,0x1563b1c2b681cd65bf6de1ad2f7f351a37685585e634054dd4a09222babc2432
,,,,false,0x0e905592dfe1dddd9068089ee487e792c2f0cbe862555904a68d5ffb8de16917
,,,,false,0x2a4345735ba51e4b358c14e4b9a31a785a168a087418817612659874cccbc70c
,,,,false,0x7a3a92f7d53c57077d7ec193b97e6306e439d7fd2c3e2f28b2055669d725e1da
,,,,false,0x35ac70718c660223cd5fd45d75db1afc7e519a6f90f4d44068ccdd7742fc2fda
,,,,false,0x7efb0c637ed42a73a944182d42f1b77a2b372136d2460ab4b9a160a88536615c
,,,,false,0x9c501b87e4896816e88a983ad24e6fcacc79a3689285e7660b7d5fd2707706e9
,,,,false,0xe59e0e116190c3304b8912c10550be55628c3bf4b83e286fd44725492ce18627
,,,,false,0x0b2673e45df169d3c8eafad15acc679fdd4960ffd353b4bc806a2af025fbe60b
,,,,false,0x888c1e5c143a8bf3ee049738d064a85df71ccbfc2079cac97d4de79f889f5fd0
,,,,false,0x3500016a62f55bf370caee10e4edac47fd69acdf22470b59250a26e98d763903
,,,,false,0xeab03a364392bc2088d6cf517da373c0dfd946754e06ebba454b50b100398e3c
,,,,false,0x07e8217b53f265abb00862d7c84b595cae0546cf8602a587c5ba44e54eeeefba
,,,,false,0x4f8f6c77113a0f85f3f62c821afae661ab852b226e1c2e23f82e201051c9a395
,,,,false,0x2757ef64cd05869d03217cc21aa2e9b66143019ffc07ccf6237ed56c08856ea2
,,,,false,0x38e46a65c105001018bc8d87697c8ea08ca20ad9b0aa0a13d23609ec0c041d1c
,,,,false,0x6af4f12cecd15d88a60a224dd9c627018a4d049ab1d767bcdc5810f796a31859
,,,,false,0xa78febb0c1220700a68a7dd9f0a88e2092fa5e85f84ff1e10228dc78f871ceb2
,,,,false,0xef68b829519ffe2b51476053a6333b91c0cd025fbbb958bd9a13e34517232b5d
,,,,false,0x24c8eb7d692650b5eac52a9709facad96b8342bdc260bca218c8ebcdf6f9cd96
,,,,false,0xe675ab332a0fc01b874cc8ec152e28ce58e9f8b9a78e3bf91582a7c5a170f9b2
,,,,false,0x596639251fcc60f9d25f1b706bb4d33bb44e1a8d65fb3cb7f8c6464674db5f8c
,,,,false,0x091ed3b1d6d4fd0d85fad45117cc404da5ffe1205aa73c4b848d1933108f8e9e
,,,,false,0xd32e39dffe957ac7b014c41ed2494bd81b06a3cc33c54789673440474b07e74b
,,,,false,0x0e702368f902ce7731e8f6722f62fd84003d560d8544332a3de08618274b16c2
,,,,false,0xdb3cc5dc386271da402558f904024a459cd051b51217fef2ce9fe46ddd8b0b1a
,,,,false,0x66fa8263d3ea9b42d13ddd1425ad11d8ecf693627b5b9823b1a7421533800cbe
,,,,false,0x38609987b7ab72421082ca92a5a757f5f4821d97631b230a03b86acaf6469d78
,,,,false,0xa109073f38a960357d75c75791dbfdf713fb5d322e08e2677c6e1bc2f1896a03
,,,,false,0x215db195e8eaa88cd2de5cb0d84021f99a30da58b5b6b6b636d75f3de20ac1f1
,,,,false,0x7a518880a3d18b2ef231e41feb02e5d8882cb71887721cae1bb977c4dbdd117a
,,,,false,0x1d55534206de04ecea19fa2a07338962f4d1c3c4017bcf7ba58a02705d4bf780
,,,,false,0xa7db0cd9369ad886b36313b976aff636e6664289a326cf03b63fe0c5195b709f
,,,,false,0xc9a3ae8a2de7a969f70677994bb304ab53902b8f29856844cb57c5cc84bd96b2
,,,,false,0xf295cd03a5ce1b2b00351cc2830145ada7c526deb8bf046651d00bf4c04de17a
,,,,false,0x968de0b25f4563e8195c24750e01d0940bbef9b63eb2d34575da771c18f5abc4
,,,,false,0x1531b514c65d80f53edd1415cf02fde9d9af9d77845fd2f409b091dbd9a98802
,,,,false,0xd6b0ff752c9a57779587794f901e13a48bd3bc5e8a83f17052c7dcd63a5ccae8
,,,,false,0x9937574abfa4abd6efc54f3c6511698d5c1d9c0d289b3ea2a4396b79c7907c60
,,,,false,0xc6cc4060a15fbe50d292dc6822212b0dd694bb578cb764a77f0fe3df0e96344d
,,,,false,0xbd81e3f499276553bf88463ef9113ab7af32007f623546a04cd33eb66ca2dfb5
,,,,false,0x5434d083bddd735615828818aa49e17dcbefddeb176a92aadda76ada4821f24d
,,,,false,"
"
