Inserted,Hash,number,timestamp,match,txs
Block,0x79b499b026bf807021ca33e657210d352c7746be439b5128117e2e966423faca,6356689,"2018-09-18 21:45:37 +0000 UTC
",,
,,,,false,0x6754193e690e6a5554dc476f4daf495454cf57403fb8dff58213d9364dc662c0
,,,,false,0x553cf17c7c7ba23b0c954a17e4cab3270a5db81db7ddb3a37077a39d4a05fda7
,,,,false,0x99ecf1c72cc98f538845272e240ff42c3fcff6744f64d877b4a010d5f2766ff1
,,,,false,0x1cc54d404e40244779ea471b6f574b7f48cc58501b942c124eb4db1bdfe8a590
,,,,false,0xd4c54002fb0e3e1ff4b4a5e806ca332710507de9bba8cdb7adb5517034f81b7b
,,,,false,0xcf736bd32d3471894f3fddcfaf91304391db086cea399094f2b5c32106a1e414
,,,,false,0xcb4b29744db61e8b8d7094f2782c3d1c2d424ff203d84af0e3d0f4784414a7f1
,,,,false,0xd22f9fdfaa47f0d88ef85669cce5e42a4d660b30423ef2d6357b6e40b848e16b
,,,,false,0x692bbc117c072f474b4434603faa403b87897cdfcd76d0f6eb100552ed79248f
,,,,false,0xe8c0622f1669706a3dffe1553946db4396da4d10ebacff8bcceebd75860a8218
,,,,false,0x7f225146e94c6d192cc8885c7058806edb90ce9e4d979956ec19ad3ed3424a75
,,,,false,0xbba1c00d1d176bb2d23935e631ceac9df2b2aa6b744f7d8a5c3df903eab01900
,,,,false,0xbff16da204e584603623c24474127aa288f9fa505da86c668ee5c39364502f31
,,,,false,0xd490d93876720ad6200ae456d955d036231dc76c1caf3f77adf3fd3f6ed9f736
,,,,false,0xa60c74e32d2f2817d6b5da35c282839da60d52c3fe13798fad96e4213b943496
,,,,false,0xd1b170f1d4325f15ecb6777ac2d80038708998a2e353f728e8c1bad926027368
,,,,false,0x818026ab961a8d406309ff645d8082eb9e47b63db30a4d1cd6c4b5cc38cd2a27
,,,,false,0x83d88216b3388e5d5400ccbf81f2240045999b273f00f172bd19b5f2f4604211
,,,,false,0x6d2071ec9cf0590b3166acf281b6c1ad9331d55f3ddc6fd15442805fd5048b46
,,,,false,0x38ddec901ea6e6370035df886e7216d215e92fd57e3bd118e19422acfa963ce6
,,,,false,0x1e0f9b95ba81a566b8f7a348cc45d039fd8ecbee356870c1e083cc19b49c0623
,,,,false,0x257f361bec3d13d07e0ccae8e40dfda88847dd801a7ecb2e3399c3c10bf6ed0a
,,,,false,0x7061f352a55f2411d00adb59cf2f83b49c56ac8a2decb72854bea8759bc55020
,,,,false,0x84112577d2823094c8f5859127eb599fc2ae00880cc407f78589b804153e6e31
,,,,false,0x8599a09af695c1aaec005decacb21e3096a39372f491e8eddef33ec9fb6be21d
,,,,false,0xf8be76e36c9b7e202e374aeca9bf91553160ef30c9a966f2fc2a1677548734c6
,,,,false,0x571ec3e60a806b1152a1ec86f8ff50961f001bae246408af71d721612996d612
,,,,false,0x88f54f7830ed0dbb0138fd9bc4e995723814533726ead5f1f8f53fd4a2407b38
,,,,false,0xad4830ecff996cbadcd25f3bb109b5443a06e5a6cf95d3e617645b9bf3168ea7
,,,,false,0x5745d84ffb0d3e36cebf4fd996261efbbe2f53c453df4bcb0450014897996bc4
,,,,false,0x1aa966c6062744da2821eb4eb468e977f63120968e27d65601603be397e8b719
,,,,false,0xa281ee8b4ef60959bdff3880193ab8d493175cf331df4340eeaf58f4c2a91e39
,,,,false,0xbf51406a3d928e0b8e2ae256f2b6d7607604e1b8e483fa6431d05d8b78513a42
,,,,false,0xc4c381babdb2545f83f4d5fedf129e48d0f0b76761b35b7bdbba1db8a63aac6a
,,,,false,0x7809383f3dd78090f18de1fad04e5b48f8391c4d392c70c0f82c6b8d94d47a43
,,,,false,0xb56a4fdc371e8b53cd63a3c7f005caf16580118139eb374e87731fdf9cb9ba6f
,,,,false,0x679f2b2ebca08bcc8ff56880b2a9f099d5fec365e667bc099e8df53620861afb
,,,,false,0xd710f61a5c0c00a651b54bed8413f21c27c3b0d0f44238851c070a7ec5c88daf
,,,,false,0x98079bd4677ed229f0f52c9736afb97883727d242c3ffabf128c181eec547817
,,,,false,0xf11da9f18ac032870d60310622d7a52e14ce1e50dc87d7d61b20c23ec71f5a08
,,,,false,0xe8021742839db90aa510d8b201bae535503652dc5117d6311edd9906f09a8fb4
,,,,false,0xa72eae1f135d45afba5acf22ff917fd6b595428975be6a808e60985572e72f69
,,,,false,0xe674d861f883c4eec3ff2f81a77f6d6b37cc36034c46b483c430509bc966eff2
,,,,false,0x67978c4b57bf050a61cfa2a2800579956e039acc7ff24b5f3999bd33437a2cde
,,,,false,0xb9c1801257cb9646a6a173406df14ac09d4747b4862689076b8aa49bda4354b9
,,,,false,0x4d7fdd0d0c0007747a51f684cbd33b47ce2bec2df26abc171578e495f8b433ff
,,,,false,0xc5865f0f02f3d27441eb7987001c35150dd3d820f20c0bbd15b29dc1fc634cef
,,,,false,0xa9bda7662cb53a98d338a5f68a0c2d341959be86aefd13c98181cbeb8398996d
,,,,false,0x7d1a137fba1cc7b072e818da78dd74cf86e4f410ad45680c43e686b444877b19
,,,,false,0xee42753287a587876a1ca60d28161aff7b3b0e17224d0d9ce28ee7a428b9ff3b
,,,,false,0xef94ca933eeb484cb8f6d1e3265d951c0878762967c37e542ddb52817efb26d5
,,,,false,0x6fde0e6d04a660bba24b2dc631e3473b30fce619bf783283d4ea41285ec0e18a
,,,,false,0x84ce8463bdac9f5c67b1bc1cb2c49f10cc4416a4aa354643e062f6183ba0298e
,,,,false,0x4e194a232db78af2ea220254f20686fa5f0a19db55b9584fcd8db350e732c0d9
,,,,false,0x6e783619b60b59b5f79a2cdfef87db0f3b6292ebcef27d9a285a88a5a2d36a6d
,,,,false,0x855b973818e035e9a45398db2de5d6fd319eac613c52b5ff5a05239a3cd240c5
,,,,false,0x10244d659fc5aaaa0f684c6dfd4f5ac494fba66dbeb88af67d495ebb957e70f7
,,,,false,0xe0e96e1bb8f765174b6e9ee8bb0b0b52d7710f678dd333d9f8203c61173906a0
,,,,false,0x1f6a9894d1e497bdc73b08fa01896352f1d9b334dcbf72275d875f9bfd71f586
,,,,false,0xbae7eecc676bf6edd25dceb5c57cc70aa691d5bf17b239b8138889e318359801
,,,,false,0xe468017e2e0fc3ae315f4f020e8bf48f62d4981789a76bc3b179224235022cec
,,,,false,0x937fa1ab8ef94976608c86e22e54d680238b503132c1e039f24648e4c8d301c4
,,,,false,0xd8c0c2e0cd4430301d0e5bd22e49dc2e0a608592c6a392c691d9630d0cefd281
,,,,false,0x52b85828f5d5c97e05b5d2c189bf0a819d5f4f04059b4f7458ad8f3b793237e3
,,,,false,0xa26edec83f98746218aa11631c41bc75a3b7b4b494e733e602e0e78ba2317e9d
,,,,false,0xc70cfd9b78e7e33170531d0e19d9fcdb0101793fe4bbafb0262ae3a80e41f0ad
,,,,false,0xfd0824c993f09a53fc92ad0989718cb1f37fec7a12a0cb2cd6f2a0b6bac3fe82
,,,,false,0x60e9c17556503f2bad9ac41f9b5f7b063a2e76437ae0cf01e14cc0bd89becefe
,,,,false,0xc9cdb9bd798cfcd561d547ccfcb331e4f6235d252182ffd44873ecaed389795b
,,,,false,0x569e5b65f3745de30b030d880066bdeb27b3415e180c2baa028fc3dcb699c524
,,,,false,0x1bee9145b8e667d116b29853203e728c0c24f412c51199f620bd839cfb4cff7a
,,,,false,0x06f6c86c89f8aa4206f366c6b004beadae246f6313245dc91498e640319a1369
,,,,false,0x4532046a98232b26eec873f287972458c0464404a2704b3071bee1947f5f74d6
,,,,false,0x59d79841ac44b433837514d49c19e60255f05d33a08883c3fe5a8afd9e27b706
,,,,false,0x6fb473378e28ed874f87f903c98407bd59b5052df9c7f6fb3c6c1f48b0be202e
,,,,false,0xdeb7e5e39195777d2de9a21c1a7fdfdef1a34354e3b8bea673fbb6c7df54cc1d
,,,,false,0xd865627b65f04b1e074af11629e8813edcc9902e5fe7550ed666da00efa7e1e3
,,,,false,0x97931a4a9473993270ce4ec1f818aad5b6fbcafa74f12c2243b2c1a6a2f1d23d
,,,,false,0x5848d808e0f3e2df418795a6e19ca0180b0644d3b5e83ac4517f55c19d656dc2
,,,,false,0x3f4d9500dc8c6d6d1217e56438523793461c6464763fe6566c86a841c2739907
,,,,false,0xe2411fd8569165409eb4ed76271fc159cd6efc6de13ea0732f55eb561a0dc349
,,,,false,0xa6fe66e6d6f64618348d0b4a5c2cee1bd11dc59e9798c9ca8e87aed7abcaf8ec
,,,,false,0x2dd1b238e14e95434cedec5aa37bac13db0c8e9f0e40c209cd114fca124d6576
,,,,false,0xd32222a0a5a455774e0e270e295bdd3bbadfef89907d7da6a0a2990fa827603c
,,,,false,0x6f7a2f4c47408f4103ab15ecc27c31ce93f008a4a94ba3baa8949f7be3d17af3
,,,,false,0x772074c590f02402c875bb626ec682ebe23dfda2c5a167b13443e954e52bbb4a
,,,,false,0xc5d099d68bd5fb8e52066d5977ae21229e6c4d66b21d3b8b4b3a6499dd82d76f
,,,,false,0xca0abb59d4e42bfc3555f9ea7170afca3cccc109d8a961662d0381ca15bda830
,,,,false,0x59a23aa11ea0fee8998a464264a833e2266680d1754800c3e42550db230e45c3
,,,,false,0xa32b24956db78d100155b71048124201ce10b58f98a969299abde0636d0455e5
,,,,false,0x2e4f59667a4947d91686b6df2e9b0bde42646daed17dc9281743456db82c91fe
,,,,false,0x42a472b66a39478530652f1e9bded8d6427cc13f7668e0e467cd06a8608f17dd
,,,,false,0xf3d886452cc8f0a881de3fa9afd33d39b8aa90ef9398ff549e4eba64513b44bb
,,,,false,0x2514fb4c6ae7fc9390020cfecc39fcb2238a795f6ee580e13c1a022bf8bdbd37
,,,,false,0x985c6d33d41a30e5fac7948033270d1c3eb067abdc0b8cce1696b56f027c2292
,,,,false,0x04550bf0eab9d5a68bdf0a1adedc0229928888521ae9572d37d2ec2a41fd23a7
,,,,false,0xe72ec17d407e490904823f6112910252d0d89199c4bb18157e06224a1fd00875
,,,,false,0x277376c773cddf26871e7d6fc3843f4e7f431e82551ab616916d31710f891f7c
,,,,false,0xd8a580f916a98f19864885de3b911f3f370994260847131757991672fa2e2bb2
,,,,false,0xac938e1f3a05e6f4121709af0f0dbe24f9120dead4adcd1c1260c06dd44ff210
,,,,false,0x665b74ef858e9eec16937b35825ce8556658fb746f95752d191a937e50f273e7
,,,,false,0x486cc1c1b58e08497f06ed5ac5f9955f7b5503b4de34c5eb765d38054cd0adfc
,,,,false,0xcb742c526f5ac7afa5cc0c40b3c2835e3ac220d062b6e9db13819a334210efb6
,,,,false,0x67741e7f110de790b6a7326918c71080cd3ef97e54af36cbd7028b8cb3b50cc7
,,,,false,0x5302ea00b7c2560e035808c6dd13f7ab67e52250493758d79c8dcd7f217bff90
,,,,false,0x955e8d3cda7b31d119b51b61fe53cef13f0dedebdf77ab07625c7e291c7fb05f
,,,,false,0x266c3e0986ca3f1d897378b74da44ddeaa4deffd285f4e5dc8568eab7aebad54
,,,,false,0x82eebc402748d9ba55e343439cbd1dec2739abf371c8ee314b5c53b34c62079b
,,,,false,0x74e3931d6a9aeabf59a4b64a14a7aafc2f026dd0c86bac789e4a6a901ac6e8dd
,,,,false,0x2e8df951d851f19a21b9ca89fc6ffcd050140e289f57a195d37b912794dc66ec
,,,,false,0x03ae9e1d64415ce4a4306153f0880ff71e33fae4fa7cb6e846ddb8c442f3c98c
,,,,false,0x9f0101a6c4ee3d79e5f1922e6c656587365e458f75c27f3f2e52d3830ec83e08
,,,,false,0x0672c40a97b4dc71fb4a1cee5ffee64d6d66f7766eb4ad1d27ca4aa7e2785bf3
,,,,false,0x4e9a60b3e04ab9632558f74c4a97c212b592515a7775cabcc031ab672f1d9000
,,,,false,0x63e6ca3ceb075b1f9f9778345e0005d1335eeac7b52ec76faacec4b3b42086df
,,,,false,0x93fdf25bd2435d3e4af4623b6dd0c51a1f49be4474510dfbe7c6f22632f818a8
,,,,false,0x64899fc741d5b983e93bad8721ef8f4d8d2f9780e64281cad3a0795e6456df1b
,,,,false,0x01ca8fafc3e4fd9f113c1808876d9a00c10cf5e01c88754c587b5e495ea1f65e
,,,,false,0xc3de31a2dd8d01af3e12dd30222ab147f914dad16c224af556e9055b670b88f1
,,,,false,0x6f6884899d07974d410be0621cbac995171c5f98012a870afc4faa66dd0b9887
,,,,false,0x11ce1d5e56ecc3e36cf6dd7bcecb3728c88ecfc8b3da338529986a985cd9e4ce
,,,,false,0xa77af777a36c9e493e8a820f646a37da2647156bcbcfdcf0601f68c1c8765d06
,,,,false,"
"
