Inserted,Hash,number,timestamp,match,txs
Block,0xad58c072f60131ff5ca1f706998a643632871caaf8e857585685d12668e3f162,6377772,"2018-09-22 09:20:42 +0000 UTC
",,
,,,,false,0x79832ef935ff15c087e67e15110567e84a61c374d166f35bd78c5c5943da0956
,,,,false,0xef6441e84e168f218fe1effbf4c4dafd6e93ed953b8d4c219d675c24f5a2f8f4
,,,,false,0x062bd58c8b145063e2c2110d5e6b9edb8cc8a5cae046ad97ac4517b54bac8d4c
,,,,false,0x5b0ffe6374d9e0d4598f1ae206980835f5e23f3fd2fb9ad29e95c8cdc7ba2576
,,,,false,0xa4826981dd5961a6f200fcb874f2a278dcf18ab2b40c071bcf444e0a675af3ef
,,,,false,0xa4533185b861e216344d48ce907facff4685606580d1f35f1f676d1fa82d19e7
,,,,false,0x86ee906101dc1134cf44f28004d72f111f62cb22c5b421c66ff00dd3c0fa0ee6
,,,,false,0xa5b58f28b2007c0f38cf774066b74a8a7d6b50c2a4d72c0282fb24c0bef2963a
,,,,false,0xdc99fac7b21d0f780256bfa5177350caa3ef55edc80172ee58210663b972da45
,,,,false,0x5b80644d152491c8fbf0e2e8d83442c19bd20592125c0a1e383a227053634978
,,,,false,0x0f0a2dde4a60f2963ebded173dcaa87e59eda2c679e71ed4d2ecdfed7bc9038c
,,,,false,0x2e109f82ef7c785e0e20c5ab6a907ec7ab9006dcad185d84e483277d87158639
,,,,false,0x125c603433f9311f1ab44817c3fb740805904ff816a250337858bbe01826fb95
,,,,false,0x55d63b2a8a06b9636e66042f746145cb18172ac9802292b644e2b9467596827d
,,,,false,0x5da626727a3c6bae7678fb090400c416ec6288d69adb1be7505b26205a85222a
,,,,false,0xb96f94e63a6feea2b889f12fc954558e72966d21814a5b0ea110cb5907cb0a24
,,,,false,0x4d11e13c9c1f4253430fd8dba8dcbd17429df0fe29e8fd70b7178db6a3706045
,,,,false,0xfca426bea074d15578e6d54afbfc515cf4a2b84e3044786f0dec40e5ae6b31b6
,,,,false,0x0013f315f5032e00947dc5e5670ff6881aad6c04a17291e4a99fe503b21b061f
,,,,false,0x6d49c2ddd134e09065659d8cf25b04d3f5f0ef32e3bb059aee39bde57eee91dd
,,,,false,0xd2fa18eba7d0cb0f821045be62e049fcf5b427b82a4682e0e135e02867884dd5
,,,,false,0xc39cfd9f8ee5249c8c20d8795ea8f9fc4c0de3b8e15840509da66e43edf8e194
,,,,false,0xaf8e1b30df69362cc2fbe88b52811f168d0684322ef9a4c36ae5f1a0bf6d6b8c
,,,,false,0xe523274029373c36f09a0095d3ec773506abb42c4924cf7695e168ec7a88a8de
,,,,false,0xb80eb4aae0e711464aaeb70cfb626c4d73046bee49a474ad5cddc11810209826
,,,,false,0x004d55d610bd978eebfb7eafdf1b52d81c3639aa27e9928444f7dec00eabf55f
,,,,false,0x6c109ddf26d3d6a7f1a60eeba542629780fc08bdc03178370f1d75878232e0c6
,,,,false,0xb42207126aa30022486905de5bf524c038767e3d9d252ac728beffa6918f011a
,,,,false,0x9d9f7d6e6b0416bd12ca629e266e5c03d165d6cbac4e7dcd98561d52e809c159
,,,,false,0xc5db00173d589338e218ab59fedf3be3344682f128eef793cac52fdfbefde6b4
,,,,false,0xbc27fb4021972b7e634c19e71b7d3c81c70f1287cca71d5de74424ec41aacaaf
,,,,false,0x704f9ab659bb99316e06117e676d6733fe2c9b8a0a5e9027a0cf310a550b9549
,,,,false,0xf4341cd5c1b9e9bc470edcc54db6df40d6e281ef6a37f8b4e55b08be336fbcdf
,,,,false,0xdeca1a123a3ca44900b2a9ad14b6b928f99afaef459b0888205467b84654c48c
,,,,false,0x36fccbf876f4c401cb6a8098b6eb6190570e8897da04c9589ef240114f3c0165
,,,,false,0x161b760504046454462103dc132caf3547e8c9f64c98a0b73021d8d394c87544
,,,,false,0x29c77a0cd4a2a2a29546f69cafc3b0e912f8bd8b57e8faf2592e5de6f77580ae
,,,,false,0xe85de2e4898b74fd299958da581614c39e56a596e059c59ab65cb97fabc183bf
,,,,false,0xd9211a967eeed4a965e12ded555b668fc0beadd515c3c7341ddce53c4b34e7a8
,,,,false,0x980950974d325f1b4057184456dbf6dfc5af4dbb82bd15c7e3484eb0b30d9f84
,,,,false,0xc7c33979d5e6f0ea08950c816aa90499a5df2738d2f60ea8d2b5d6d9b37a4c45
,,,,false,0xabacb9e680880224450af5eff134c08cf503c2640e6fabb2f94cb159c998803f
,,,,false,0x0b820094eaafc032b730e87e0066cad2a511600bb7ed89af4e56a8858fc6bf17
,,,,false,0xe475ede545563a51cf99498d2a47d38cfb1bb32331af54b1d0b62854f80a3914
,,,,false,0x206f6b2585dbe37a3aa5c96967455729cb5322bb9e23a107209da125f6773963
,,,,false,0xf8450177f1e73f8b18dd6733706109191a7b64877fb791042c83f42c919f30cc
,,,,false,0xdbbd93a50f6d8b2f6eaae86c4fd9c272a834de445f2fc30cd3f30369393cfb6c
,,,,false,0xb063d90f0efa0cc5deeecf7d9d2804d5126dac414874b49271e90feb426c4b9f
,,,,false,0xcf6c217839426d83b31aee1f7091feca83585d20fc2273999cdcbd2f8183c94d
,,,,false,0xcc19032acf02602a1e2d6558c7c4d8acd1d3c21976b850df1d8680d43ed4967b
,,,,false,0xfb42896275f4f513455af381df4fd9549db489f82fe8049e7ec3b53559aa91aa
,,,,false,0x0b1506aa1932158475678380f1e853217e2b17755550e21216679855ce2f275e
,,,,false,0xdf6bbc444596df21886d232f8b997b154c92eaaacf0a7d3d6dabb57a5ddc2baa
,,,,false,0xde9a6461a34b5226f31d24a18ac104a22f475e5f37e92a92f96aa8ecc73473db
,,,,false,0xeb2ca372667b119b6c3ff085b68f6ce7c542b7d07be45cfdacabcb2ef3e5a109
,,,,false,0x8cabf2780e8a9efe5dedcac7e36502f60625d78330fad2d584d14930bee1a04a
,,,,false,0x3ab651b5c7dbc4dc4851304148cafb0758bee450a9720e1b1c3e4ba5e67d0a73
,,,,false,0x27d6df03dd9cdc63f393cd61a84f8edda2d0eebb342aa2aae5f33ca7fe442859
,,,,false,0xd70521c30748a232921cbf87b17ece024244accd52ff399b72a2ea89c9e59fb8
,,,,false,0x4f8a75553f96c665b2f15b07df4f612a77e27a7d69ee9dfb1b9e97439fec9d4b
,,,,false,0x412812a8115c4ed2692bc4e45b05e2c73e826223dd58ff4136fae5254a68af2c
,,,,false,0x7f0a20e78190da77defdff0fe6160a68e1dd877fdf2077a57cfa9767ca081dad
,,,,false,0xc78cd87224d812250c6adf94ca1462fa9eabb7461ea6391ef0976fba53005544
,,,,false,0x6b92b1b783c5d0aa40889d8603b54d40fc7b39091658e7d80582a1a3e3a92abf
,,,,false,0x70474f8bda34c7c6c6f371e6045b1a2d613526508c491e18cd7fdc63b5623b23
,,,,false,"
"
