Inserted,Hash,number,timestamp,match,txs
Block,0x19d5d395b8c288d6439194ca8d37757f537dabd711c35197cdfaf66781b6ed4e,6377445,"2018-09-22 07:59:23 +0000 UTC
",,
,,,,false,0xd689a4d137a971203d39c43a743e84c1937c3456c9fbb54fde0d8da4217f6c58
,,,,false,0x51d5e3e882fbcafa5cf9b10b930c775b89e53a27aaae0b1196919b44d5a5344a
,,,,false,0x4d8e1f555b36614b9c0c8b4e86e98456320f8bd3516c8a7b15c9c9d30fa587f7
,,,,false,0x91bf5b52f7f54cb48ce42ad68fd97974bad894f2cc06f31c073f336195473dfa
,,,,false,0x62ef80cd67bd5dd101ebe3af6c9cc1096f8a955590c13a7367050aabd5b94dfc
,,,,false,0x15a5863c75cf44569669a9d81d96f698ede5c84c00ce3c02bf32da4556c945ff
,,,,false,0xb0040733fbab5d2a7a19926bd2c866eddc2c0e65bd11f56f97458238a2577b9e
,,,,false,0x610e9cdffaa1ebb15641f11c2d61d1dd2b92630fdc79f30a27e025e9ad4e348e
,,,,false,0x92166b3dfd7a9a8ab70f858ef9833d9db371b6ba29e965dcad6104b740b92155
,,,,false,0x81f842c18d4f96b420b30a9019eb3f64d79b58a0f53ecb2196318d2ee3ccbd2e
,,,,false,0xd8f02d0fc20483f049b0530a501c30f44be3afed0dadb79276b78bfbfa5231e9
,,,,false,0x404494e1f33b7bae1cbe78d75cd7e97141d9db3d36bfa136926b55fad9b219e9
,,,,false,0x9049fd918e9bacee9fd3b1af64e61946c101c89f894f76f55af752a6990bd19a
,,,,false,0xcf570dc8c5fd047e63f19e21f333831a306aceefc9b1beca92e318acb9494bfb
,,,,false,0x282c28093df90f2e0c614c5bcfa65fc6f956de09d518a5a7fd3c489bbbc824f2
,,,,false,0xb69d9bb5fd6549b127d6ee822392eb7d929cbdabbafe0784b258fd491bef64e0
,,,,false,0x24ea325632efca9dc85cf4949e14a17e61c5a340c0b5f587f76c081157aac0d5
,,,,false,0xb0a5991be7e90622f92db0d0a00e76bf19b7eb17ac3cb4c9707a342093b10a58
,,,,false,0x64a36fd965a0ce9487ac151c1bdd697dd23668db77e355d687807d4279b33c61
,,,,false,0x8c5979bee24b324cd1201040853ec893f8ea5625eac4e6836d44271bfce7ce0e
,,,,false,0x0752258b057abb4fce5557b31384c0ef0f2ce514ffc7a86f0d3b00234f5db7b8
,,,,false,0x4ba3e92e41ecb77859adc852b84cd0a10740d9394aa500378781c770022171d4
,,,,false,0xcccf81360b379892efb2ebca3b4f6659591835cd98615f903190d1b2c5c181a3
,,,,false,0x0ddaabc095af233b15f9d3c11e2d45e1ff29f5353f94c396bad35f5f275da05d
,,,,false,0x1071edf6bf89e5ee1cc2374138a4b087949a329e6f98fabb10af762e21ef8b41
,,,,false,0x0446acfd64d27f15f75bc2cf988e2c30094da1720f053d4b22f69ad0da840a0f
,,,,false,0x71964e10861d02b8af3749987a28785ac0da7cf91b9650c06bd3bbf7757c207d
,,,,false,0xd57518753f5b9823c7bb7292cb8678b86e97cd289161d4afc74c7900a0db73ef
,,,,false,0xd7ec00ab51cf26097a3297363fe6f724dfda5c6c20661ab2f88785e198bb0505
,,,,false,0x48ea47b6fb58a0f9a83f25b682302e3a199dc811f1bda149b8f30f1441aef786
,,,,false,0x26af789f1ca5ccc371cb1557274ace6efbeccb735349179d936c852b29b08341
,,,,false,0x242b05a0febe8b0a8a18f63acb801ac4f6b1520d78d0809477fc6029a613c99e
,,,,false,0x5981a5bc4c758a650620211c6e654a22a2a9e65d33adccd474bb78e4965f5ce4
,,,,false,0x70611650d6d73419b3725d447f7bcbd964901fc8d40367683f40d711566ec8d6
,,,,false,0xc6da86be999550ad4bb3951b4e6f70393bc133e27f152344b7db37004bf6e0ac
,,,,false,0xfc49510c996b0a54a83285eaf5dea157549152b416bf5d1f0056028273ab43bb
,,,,false,0xa6edbc754ff91e26ca20bfb1733af02532af959dd4eae09c482eb29cbccd6a80
,,,,false,0x013c7b77e8518d130993437bff50b1e87699c55e03822174e88cca0ea5e0eef4
,,,,false,0x03e37351f2d9c195f7e79ba0c46782fd06b92eb9f39e6a3705587a8be36415c7
,,,,false,0xf939ee9ea09c3802a47be08f08d1003d339375d871859ef6df3c49fd8bb67fa9
,,,,false,0xbff2a25bb3b3e6ae8883923a91903f0e92a6434fa030f82fe29d398984b39070
,,,,false,0x07ba683daf5bcbf9fa840e39415469c6a5fcffa05c8fcffa1926b4115609df0d
,,,,false,0xbb07a005f0740e849cd2038c8f368ec9cd62cabfb660ceed9c84b19a731d912f
,,,,false,0x669c79c75fb1e1689e40263e632637b465dc82c21dc89978e06bd429a4258bbf
,,,,false,0xdd6a3deb900e7f39ed1e2af79fffd5137641ecfdb6523696e7a6ec78a50fd8bc
,,,,false,0x4b904c8b1ef8500294e1edcd377ca80dbddb5a700ce3fd71155710e0e776f81d
,,,,false,0xcd4725112a4572ee91391c72c5c31e408426d11a3624a80933509af2dbd4c94f
,,,,false,0xf283aa3899a2335100f0e025aadbd707e31e24ffa1f0769d464bc87f0aa35dbd
,,,,false,0xee9e9826a230f29234be043b1e4d8fc41eeee664fa70d9292c7eaa60bda2e9d8
,,,,false,0x535663cfc803788d4077278b4c3af7c1de21703a7fa74f6dd2570ba34c4caf8c
,,,,false,0x3226df9dd93e016d205e9b4bd2eaf40c75d1596c4a2a827ae6a2346fe4646507
,,,,false,0x3e149c4602488ce6b1948f1ff48613a6724e8e24c93c2cedc88dd77666b0a35a
,,,,false,0x9655883359b2d7a1ffff265efaabf521f3fc5a40f5c8eeb66a9b694d7fa10245
,,,,false,0x435814f4fd4c37218e7f1c9a31747b6b1d8ce52e785c67ab9eae2189a26c4ec0
,,,,false,0x99d67c756e5a116c853fd971024398fd562895177842997de091022aac6fbb62
,,,,false,0x3d69e9406814ac0a3855e74be30539b515d8c14980be6f9b45a7f213a3d0aed6
,,,,false,0x6fab9294ddde563d9dc718d734dad181c0523a7b114eed336c7f9213245e16c7
,,,,false,0x6c6f5af8ccb72195effb58fdb7503baf886c605ed58b9d84d9f509ac053d93e4
,,,,false,0x5a39a77cf9b09cbd85c6d1a001e64dddfebdaabb9e122bab4a30b15dd5f6368d
,,,,false,0x28630b49faf08588f8b844c0e8f1110e3a8946957329116c58d52bb09658dd98
,,,,false,0xb3c6e2f67514d36e0eed491f026339e7365d1ef04154d6d86df15043cbec00e3
,,,,false,0x6dd6444955905804c1b40862fd9881fbb296d44da543cc7f249f6decfb2fcf69
,,,,false,0x55c9e46d63a3e90a98b0167b1f68e4d8164dfd3dfe2cb93e1f12bf2c25632cdc
,,,,false,0x8e5afd66da808e1032140b932f6c7d85ec36a758e80c0f43b366d30ffb1aaabb
,,,,false,0xb754bd991ed41f5aa75b2ac31efb5d0ee0af5119cd0f39ada681eee9ed112daa
,,,,false,0x8bdfa1c3e5ad77eedd3aa9ce7c52f1478aa04e66c16c7782a13eed70079412ae
,,,,false,0x9b2165da513e832ba72a679e4e4c36c69a782e370488be7118ddf5a89097959d
,,,,false,0x68ca3b7ad34fe5dffcae735604f3278e005be8afef1a8d6854fafbc8e8254369
,,,,false,0x9438b107395af0a75a340a7eeefcfd71a7583d2dbd1e2eb75e26fb33ca92bff1
,,,,false,0x62e4f253bef0b94fcf202760d9bf22d92408968af114495ed99d8682fd914ccd
,,,,false,0xf4327e5fc77e221521f697e79b3b65b6f6d93906b459069c4cb5533b6e6f7784
,,,,false,0x141f4ea0c806a9505752f0638de286c2d63aa8d1f11fcf2d69f4c63d1ccdf089
,,,,false,0x8f4f0b44d0416c2abefc54cab830e2a67705b2c59d04a623101aff45121d7d27
,,,,false,0x406a23c8cf31d1afc1fd419f66c02aac4faf6dd67530f8f0de79e300d1ba3e53
,,,,false,0x52ad8ec0354087aca898d5b2c8c03b4ca6924d653652961ac293cdc9419b5b80
,,,,false,0x139d666b23aafe61727679668e01c284a3cba89212686a21e64248c304ad7b23
,,,,false,0x9ed8ae6d2c84bc6b83134540fae8396b61fd4f0e4e22364ece49e16e68d553e5
,,,,false,0x85b5af59df52df2c54640f3eb81194d5f46365df8e2f9a10a3af749e8d4953c1
,,,,false,0xba39222b792dabbba8dcb84ba405eb106d32ba7c5fde45b2ca84988e53b7b54f
,,,,false,0xd2b3ac97e4854e9db03f5f814d5683ab74d32f42e16229c241647ee1f2dcfbf6
,,,,false,0x6264e270933f6b4c1b1bda141973c3151eb23c332cb991293d6230f5397d500c
,,,,false,"
"
