Inserted,Hash,number,timestamp,match,txs
Block,0x10729a6cd6dec754b8b2afdee98da064751175ba95cbebbbb3a3190af1ce6cb4,6375392,"2018-09-21 23:40:51 +0000 UTC
",,
,,,,false,0x2deca475f840dd30079c92de1a99625834e522d258698162cbc9168ab39df8eb
,,,,false,0xe8ab499e9d028e08af91dbc924a7ac37fb3eabfc88306a5bda0341ef35a5a0e2
,,,,false,0xa0f7cbdcf814e9d2e0dc63a672648e0db3fcc64d014a6411abd74881ad497158
,,,,false,0xc6019634592088240ffc114fe65a117078ab004ba8af4a048d51ab249be24980
,,,,false,0x05622360cf1b471cd12527d5efefcef1b86a19b9b8a5553785ab45a3489cc70b
,,,,false,0xdd7095d000f6f40673f086805bdb1817a5a60df96d928b7ab9dbcf3c71f9b6cf
,,,,false,0x3c1e8ff4e8783a900684c380b5a09c304c2b624485c0d05bb649766a84e54d29
,,,,false,0xb752ac21a02ed2b0595fd327d25148dbd592d057426f96030a826fe5d77f3b73
,,,,false,0x632402635ba98cedabd36fb68c7b20210abc0dd16eb2a4ee99bbd9767941deff
,,,,false,0x1e6213b81672f0b82162a937b9c88eb78190d774bb29b16ded143d43da6bc906
,,,,false,0xee12a4ff11b6bf01f83cad7b12ebe32b2d8eaa96083aee648142d0bdc3650d03
,,,,false,0xa734f55e4ddd5f74e64d8216718ea417c4985647a97fb7200b99eb027c13e91b
,,,,false,0xdc5944719900ecb389732948260fe94fe6537c7693121f37ad3e4692aaab8d9d
,,,,false,0xa390e1c2e2873ed8d71c5115e19d0dbf89ca2fe39272f056dc1f76bad09f27d8
,,,,false,0xb21ba92eab878919117371b8c64227718b2312dccec13f32013d2feb13109718
,,,,false,0xef6a2f57352573700b74ca5ffd4eed632d67f1bcd32b2264dc19a94c9a3433f1
,,,,false,0x2b819fb9cb49cb3a165076e2970c0d196469a1adc2c6fe4f9d877147a99743ae
,,,,false,0x0881016cda76ca999cfd46ff6ebd33feb1825b41b1d95e49eab18fe1637d3455
,,,,false,0x30d9845b53e95f5120644e30f0edff9769c29aae972965b66d29ca30bd9ccc46
,,,,false,0xf4ba6947a8e9e9676e7b573190063ec108846fa344e76db9d5bed1746735db40
,,,,false,0x769e2b03baacbcf40d98629f042305deb68669665be2a145e6dfdd130209c2ad
,,,,false,0x02b094102928cc6ed31b9440cd655459a8b69a6bd22bb1c127ca8844b940b18f
,,,,false,0x41fb99fa47f560217b96e49814f5b2496d2a509743de8612c98ba8c51d16b283
,,,,false,0x616f0bfbb338c95b9ede5eb8f4f09b766455dc77739daaf32d10a3919decdca5
,,,,false,0xc27f3d25d19206499688388923545771c0afcfa158dccbd1bdb9900552b1a8c4
,,,,false,0x6de1d34a0007500485c5f7e9f0d29b0752fe046d8243da8ecd0191b2c7cecee1
,,,,false,0xd99101693137364c4793fd694a8f1b3265af36e4d7089a2ba79f9dfdcbf37ff3
,,,,false,0x91f41d79ef3e7d479f9573c3aa915e4313f1d14deeb63224050e90a6d5e9c751
,,,,false,0xb0ddfc0644025ee577c5e5220bc9ee64a7da7a450cce183f1bc5e3dc6608eceb
,,,,false,0xc3a1f880d9a32be11339d80d62f2a6a28f25d569151fb9e43951b0532effef46
,,,,false,0x2199cec63f9ad4b9f02b83defc0285ffe1a13cbc3d5e1266af060ad6bae2d263
,,,,false,0x3e4dcc965055cd56b1563965a82b6ce50aab4d015273cb1f2474c7d4db355892
,,,,false,0x56807a88179d8ad5bf3fcdb3c772860239277e5bfe5f64de4f376d8d7b13c0a8
,,,,false,0x64120c522e84f96e2e7922c537cc9542b3b79f8355fed89af4775701e99d5b5c
,,,,false,0x666ca0fb7178f86dcd2fb99e02479305cb6edf5830e04faf2679bba240538ff8
,,,,false,0x1de7b4a57af85b58ffee272a9fb775d081d5afa5f616c833b55ba6f2542bd2eb
,,,,false,0x734e9a4f45f7e66fc3fd2618abb386c547076f83337595c57b2002f1b5e55f19
,,,,false,0x6565990f6b8163f2e9b5cfac5bb7293d52242de5c62f1568301598b0bc0ece1c
,,,,false,0x76e122ac0a9eef721524a79219657e6ee0fabe6c5e6e24f58ca0dc32bde5f0df
,,,,false,0x0d600268e476872606096a676b92a49a754dc7500ee17819227705a5ad7376de
,,,,false,0x05d8c40d82b7a5165859f3a0e9c8c2af8bfe62489571f3262ded3714b75ef2c8
,,,,false,0xc9c80601977bf1f1411bdd614f94fef038442a0c38274b81304482613386b2df
,,,,false,0x164dc499063dd950ba3900ef855a6a0e361248bdbb5b2aba80538654081da48f
,,,,false,0xff72000cf7831ab2354d68a583c77c22b8d51344e630f7fb09dd749e1cdba16c
,,,,false,0xcca8ee8c80dbc76a6c169c13c33a7130a3ec3480d28607b120ce9c0ecba048ae
,,,,false,0x07fb59e4016086b9d992fab4121763a16453cbd5c1fe5ee7f21de57dc70164b7
,,,,false,0x1a289849ba10a0269f3148e3c34f17b0c48e0c999d621c8c2f9ca40d35f1fe1c
,,,,false,0xe6bc417af2e7c99ede162a46ad64300a4ed5fec06b6d09eb0c46e8d9e32aaba5
,,,,false,0xe651fd2b02e1b8bc53ada6bfc879630dda110803639a0fa691db20139294e2a0
,,,,false,0x95f0a8e4353aaffcd8bacbefc46b071c502f6c5b8e9c358ec5fc7f15f6715311
,,,,false,0xb61765c48a9c57d0f8aff90a7230204850eb8f83112086c917be21e621e94914
,,,,false,0x3f1c8c317119a54bde957d04aa91d42349a40ea73435e46f9dc24b3814f21974
,,,,false,0x4d0b3500264b78946f5cff0dbb5ebc197a4478302c003803aa3eff6a45c31151
,,,,false,0x920c5d106b05cdac42507f8ce34801fc93efae1d026f7446a96cd1132ba111e7
,,,,false,0x4d809eec4cc11a49a145fcb406474931fabfc9374ff919e331b0892a8ce42b8a
,,,,false,0x9aaeabbd260e1f805e9baf8b35f36f4bf0c11774baa6326daf6b39fc0ae184cc
,,,,false,0x1d679843439c31837a848ede0523843eb33e636fd23cd89f95b8fd04372f16ce
,,,,false,0x772a9b21385de4897caad7645377acc19f1f396663203c5cc48d850e9d1cb640
,,,,false,0xc8e008338d121948270cc3d51829bd8ee6c80009d207b6e3b49e9fd7c160dfcf
,,,,false,0xbd683b70fd0fc6c7ef83b7d0803f9e98f606289ac6fb611f199eee33f6fa00bd
,,,,false,0x78918a39fac637f8207e3731949b9de8fb2a9d888c01ebb5320fe8a53629b2d7
,,,,false,0x2072e75abd1f95e04cadc8eae78e189f9ad66847ba44ed46bcc12b5756bea75d
,,,,false,0xd45d0148838a037821ea93196ec74110fd6ef6bc92f4fa7b85b187ade3b1a244
,,,,false,0x4bc088ee170970119e1cef12984dc20b2a66ff55fb7334ccc8ffc27d4bd2655e
,,,,false,0xcda025147cf76f729ae4a2850a4ceb564de1df4fb2a0be8be00ad25d2750b693
,,,,false,0x279f5af0a6e86cfe127199e99c5efaf6eb1fe64b268291d72b6b2e24c6b49821
,,,,false,0x77f7a08174b60387519cdc0ab3b21fbb95b9cbe138eda0c23bd9e730811e6ab0
,,,,false,0x0c323ea9bb47456b336588586157fae93dec034357864476bc7891e2dbc0dd66
,,,,false,0xd0ddac07e1f9c952f92434a059409ad29967e1b09a75e10519d7cb30b6d97b96
,,,,false,0x5b949d731501fa0e5bc9a04139925bfdef80bb0e2af21c10f1b114244866e9eb
,,,,false,0xd5970fda89cb69e023c72d88bb00ecc867c0d3ae3c32b2ceafab89257999ec44
,,,,false,0xfbe36a6249faafab50fd39159bf93f99580b5bd4613e8130185772246a094c6d
,,,,false,0x040cabdd6fa86281c4c305668ddc4aa9d16c8b7f23fc25895abdc3b9c3868b49
,,,,false,0x8d6b2299c5c5a18d03cda3badc30069c3f014a06d26ddabd81921fed6afc2bf9
,,,,false,0x985cfbe44ca100cb1d9bfb428907aee6fef2a77c50f3a418c8effd1fa3f6cd1a
,,,,false,0x297d0e46eec012f138c914b03e0b25c530f41233decc0d4e2b92ed8f6fe66730
,,,,false,0xb0bc24d8db09d63bb1b40680baae189a0a376bda042075707852795be8ac6810
,,,,false,0xf12af22171242d8abde2781cc50e791c59a0434efc9258eb9ac48e16f757981b
,,,,false,0xbec9ed20de7cf09ad4947756479e5e745c9d558ccef71ee0a34e4e4c279182b4
,,,,false,0x054dbd43b468abefbc921f835cdf844dd2dbb6e570067a5a40ed856942be32fe
,,,,false,0x433a0b3e098270222ac6ecbcefb86f99b745dcf8c6f043848979555113409240
,,,,false,0xb1468dfa4f2a01acabca00b10e820fb82e3107fec3c19541351932683970f706
,,,,false,0x1578e06b0309e0e418e12e4c7636f62b46ea3b874e9e397e0c6f778c8a3385a5
,,,,false,0x27a4ad11831b376855976a500df80ad1ac9b709f7fbd98c4095ba53c44581c7f
,,,,false,0xedc4c4e8c08f5ec56256168d245e67850c6d301b42a0d37017048722251e6779
,,,,false,0x62a6a7545479f226be5b18b068d3392ac5ab861a0b6fdfaa0361512ecb8a35c9
,,,,false,0x109b6a7179e72a9be08b134812bd7bd6c659a79e68266d82efabb2fddd95c130
,,,,false,0x1259d4ac7276c705277a49d1823597cb6a605867d780b7d2e59c1a49a218a2f2
,,,,false,0xc00051c2e2355a92a3188e3f496cbd402dc0c7baa675947654cdb9077eae264d
,,,,false,0x4163117d3eda18499fc71d40ef1feb4d3e2c290362c988e5bfc7a1d5ddecaa65
,,,,false,0x69cc7fef9996ce34e1eafeef9d721c3b9e1257e3c50015149ba35a1ea31bf199
,,,,false,0xad118f668cb81b03f13a39ed27d7bca12e4a2906f9f07af2738dfbd5e9801671
,,,,false,0x8ad3b5336cfc87c97e493a9e3a0409dda495e78e2b4eede30e9fea2daef50fa7
,,,,false,0x175fbc8f14b4271da1e3c588a61bb2bd22a87bfff162f0d052a28e0fb555f05b
,,,,false,0x29c5e057244cbe6af709271371cbd17789885f06956ee09149f0076671f8aa45
,,,,false,0x2b986de9b9e66988cbe475d87aecf2c8fa7e2af22805e07b33cec45451bde02d
,,,,false,0xc6e82c253506420c3d662b1bb85acb20a03f6f94e3a67dbcd0328aadcf7fcbc0
,,,,false,0xe9026920d9fd0c62e99bd842fb8d65b4b5b9d027f43c9ebcec0cbf5f10ae3740
,,,,false,0xe3e5c1bd42e88b5fe8d6f2092a6588a2dd66172758505d14d44772a3f2e748db
,,,,false,"
"
