Inserted,Hash,number,timestamp,match,txs
Block,0xae2b70097ab5f8b098d91c8138efef3e30f09bf2749d0138414ea5e520506fe4,6379119,"2018-09-22 14:43:03 +0000 UTC
",,
,,,,false,0xe34098641918969ebea7c8f5d37411f2303eb691bbd310c22e04bfdf5966187f
,,,,false,0x83a1c5679639ca8ba86ef627f0e7073992be4791923a02b0b7195050235ffa30
,,,,false,0x37ab468f4dbb0eae9adc545004e2d75e86bc1e156612058ddb7ddbca6850ddd5
,,,,false,0xba9fc5e9935fcf065e5a945e6e21a0f00a1ea1aa15c9ff718903378e226c3d3d
,,,,false,0x921e5ac7dc413c13ad6076a0ca56c8a60f4c2575e83187a3b05a6b1ab9a3379e
,,,,false,0xa10d92cc9c4f606dff792977f83b7f92855e46272cb270a88905c77ea3047b66
,,,,false,0x14ac2ae56b5471a53b154d41e62cf1ed8eb7d6b00408e45ff4f7d64b84cd4f72
,,,,false,0x67957f10797e3de8304cd5525b1333f68cc7c63df3d6100778431765f8b12a8b
,,,,false,0x59c769a08b5c50237bc8818a1110e1d49d0b9587a040c41a106f18acfab79cbc
,,,,false,0x849291f64b4077f5c4edf0b2526682af85149c10f1f19111f9a9f4c22372c88c
,,,,false,0x1a9c1024eb504b135574f0da7d80e59fddd3894568a8e60552a1515091616ffe
,,,,false,0x9e58b84e8f1c750a0480dedc5a8e249c0d118d5f00c0ab1109205468583d26aa
,,,,false,0xb30849c2cec40c760afef45bfb7547a31def7cc47c336c4f2f2e340d0ed36556
,,,,false,0xa266c06013e4a5d14b92a70fdf4fc3dbf376c0cde14d05c8601886dd232c17d0
,,,,false,0x1148c3a04367fa9855bbd5902a9050614addf5d4ba0c8af8908b12687c52d5d4
,,,,false,0xad2589c85358f0f62b14a975d94cd031f6825d6458c369eb88dc157fdab67908
,,,,false,0x497a77346e818edbb80a35299f4725f486a105d5a683d8ead680391d6c2bc4aa
,,,,false,0x80fe8a17a4a9b84b14603b28b3d1e04050e6c3d642a2fb3e17028dd77b912023
,,,,false,0x69c866128bf95785b8ddadc3c000f6955916a2dfb6cae710ed515495fd31de21
,,,,false,0xa055b213450c24287f9c9dc81af04e4a3c79fc7a69b1b0c978b9628185f32296
,,,,false,0x15b8940d83ca8c75c919d8c16052ab15131d6320ab48a48bf0e9131c1af3e195
,,,,false,0x9fec70efb2b6fdfd2c0ce5774b27c1b2c287031930b42f2c2b0512eb036f8e05
,,,,false,0x01aa940134c27fdb56520fae31b15c2ee8143cc05fbc39f9a9c8e4b0acb0d872
,,,,false,0x236bc3525369aadf79e7b8794d8bb94d5cf4f87e936ea8227d5c8492696fe63b
,,,,false,0x8e9cec8dc7cc28155a746ffacca83bbb29d72882b5f792861d1130cc64a1dcb5
,,,,false,0xba9d7363dfaf2164ff65e20ef8ddb733c793c2c608455d3551cc73b35d291477
,,,,false,0xd22dbba070235d7f9263605d8b0bcaba76a6ac8e0bfda0344241699371a96960
,,,,false,0xeb9e3bc791d4eff257079ec3ec465e746360737a6fe48757434f52f41e4574af
,,,,false,0x47ba766f6d5506d9cc8145c4b3a54859329122cfccd48f604892418fcb4d0216
,,,,false,0x3069404d27e6c738002128412ea2e51a242c9c59b7fd920b4cbdc1ded99f9630
,,,,false,0x65d446fcb1b934fc25f837458c3f4cbeda7fe2385644aaa0e8af651badf31411
,,,,false,0x086d67c990e7699d208f0e873835466b878d45af837f54d1df0aea1d99b5db19
,,,,false,0x7ea5ab7c69aa2fdade6c776325a021a059f3e12009851a96ffb9fcbfb09a9328
,,,,false,0x21880bd521c74c054fddca7107737731536869b45030611dac8ed7c343282546
,,,,false,0xe833186e5924317a95523ccec128489f99f247279b2f87667344d3952250c889
,,,,false,0xa307c3dcacec19b97a93401e59c1cbd77d631c90b645800d2d9fe08e855d62a6
,,,,false,0xae7d1fe3e7c88a95155669e8a00eabd8f72cd35fc8ff0d06fcb5ffa2204c0b43
,,,,false,0xdb79f5fd998285b67537634e7def037e919efa91c60bd3dc10c5b542883324fe
,,,,false,0x70a623ff2324cc6c5db8da9b6902d9d1dfdd6eeb612243d3f1e21dd4a3479bdf
,,,,false,0xcd28e5801af0ed417abe5ef0cd516d171eb51e5fcca1792cc52994282a1972a1
,,,,false,0x4701f5440dc0b8f0249979b6c9ffc7f1dcfeab395bc2938b30cd30d9d761c5fb
,,,,false,0x52b04cef6b1a284765b29d02cdff317bfa2ebed6f6120b35734558187e478b87
,,,,false,0xa2e4c9bbbc686e1af78bb8bc96bca9cf5d51bd377fed81ce9a221763f4281bbe
,,,,false,0x46bfec668427c755f82107dcbb276ad9232748d35f860180f6ee1b1ed912bc9e
,,,,false,0x3c2b8c487cca9262ca3a1061949a31211d4abba9687b87f0eaf94f69e795909c
,,,,false,0x852ecfb8894907466e4849d331241e3284a3ddf420405a2941b953f1012f95bb
,,,,false,0xa90a60cd3eb48a13a3107358057f1b44e6075c98ca882185c63606d04ec3d947
,,,,false,0x6cee2e2391d435cfe41869bf61c3000e84d8d7762ad3d2a8ba9be2a96aeea71c
,,,,false,0xd184c107a7ce6311053475b8e94f3212ec509ac26796f7209099b65fa7cd2176
,,,,false,0x1f4fab31a13b9be253071ab88708a36a0f4c662b512a6ad302c599dafe5a00dc
,,,,false,0xd1276f4c5edc06324aec28a723417d156524e864c4bd8d420be45e3d6b36dfc0
,,,,false,0xf653ae51c8e893f01d24eb69a5d2467aee5234e06d75848c5fb6fa6e25942c1e
,,,,false,0x05fbcd32ae7b07ab2eb16ccf31b7fe0e157d10513db3219fd343ade5a1aade78
,,,,false,0x92ef814420a31a7c308bf66f1fe3245c259ead582ac859bc090bd7fd782a8f16
,,,,false,0xe2da068526d0dff181aa0d242a575cb4daf6fb7e09db79b1de1c8ac3eaeb5175
,,,,false,0x95b83e7804d6eb0ff5d6d79fd12df15f1a04417e834f34748434420e2986e4e4
,,,,false,0x47621abfadbe5ddb64aa9bd8ace03599790fde56458934bf5d56aebfb67ea59c
,,,,false,0x0be36563985687bbdd5dd04bbd57718b268ee79751859479d049a7ffb929633a
,,,,false,0x33fa2503837e36f7d72f26599715188d7185d40045e0ef01c6c0117dbe72567e
,,,,false,0x04b0d174e2134856d1b32563afcd8062d322a70f3b076de11e125ae22a2b20d7
,,,,false,0xcd3128fa149da188958b50f02c1a80ce80435580e8d4a6398d0a3f3cec37e3cd
,,,,false,0x27db06fb98650183509cfe6ee5bc63b0c48967ed29823e2daaed9cb3f43faa68
,,,,false,0x764d2c31570ff22f25769f61e47236a61a8e7084448590abed8108d022269e68
,,,,false,0x84c50ab5764eb60dafa85f5e777dbc412b9ddc0a22cb60576d495edae84ca27f
,,,,false,0xf7436b7170c2ba6d1b114c21308ea0117952ea00db993ba03e2d528a676c1e25
,,,,false,0x7c158d2ea5f4277617e454066697a78d6502b49bedc500c37be73f0d43621709
,,,,false,0x939181f11a3d282139423807e63f9a5ac4b8625bceab70d0704db1b51cd49fa9
,,,,false,0x5bd50c9b7fd89702a751d1b5f037a3794e0d5f86311a19b8aa082f65d6666905
,,,,false,0x8d4568deb524d31ee468f0deede451162d7cea729a9aa35037eeee3413711ca4
,,,,false,0xa9a75b404b431c9ed01742351e9a460050d107c190b96799d280135e6b0d877b
,,,,false,0x568dd29ed8d6b32ad1853afeef2eeead66a0eed5cb3ac399aa291ad3fdc12891
,,,,false,0xfbf5436fd814ef977bb9744c643f3fe624fa2ea587a2a58523f57b0834dbe9d1
,,,,false,0x846a7047b7448f2a76a753344dfadfd82d8e8933721b11e151b56397c6a0418b
,,,,false,0x73254403d6e2dbcc8c1439bafd0144c69e092afb1084b8db0d04bbcbd12bb662
,,,,false,0x040d030aa5c80b1b84f99e276ead3a366174fe91e2ae1b5bc7d6faaa14c5efe8
,,,,false,0xc9eda2b3e69988a26892ae59c9721a5c8056cbc6e01d055b846339116a28e2da
,,,,false,0x942992bf4845c530e65626c7340666133bf761f0f0a4c453b02c312cd591edab
,,,,false,"
"
