Inserted,Hash,number,timestamp,match,txs
Block,0xb60c088e5e134939f7d529975ac8baef875d35d00968a91cf45fe5c185252a2e,6378920,"2018-09-22 13:54:44 +0000 UTC
",,
,,,,false,0xa44bed7dfe31166de6d7d5dd671f2c38af32367670dad9b168d1e38b6c2d6173
,,,,false,0x686ee3730c23ef60ffa9c2c19873da8f9b34db96c7c3fd2afecaacc2c59ca538
,,,,false,0x343e3eb15c10d92525399497b5fecb6feaa6f9f48d035f730600a59184b60562
,,,,false,0xebbde367f495c5b3c71702f6db42f0e064784fd2fe6c58e9e4b28bf80e197efe
,,,,false,0xd0a23b212982b2774e3dc75b52533919464968858d13f6e76aea6aad81350d35
,,,,false,0x279f506e2e7686d4b19c69a753b9e94e7665230bd5b6a31ab201878f45ccc6b1
,,,,false,0x39b2260e1bb983cf11f4c145dfbe4d2aa2bfd54c75b44f856729b46015c40b48
,,,,false,0xa80012d6ebe3ebce210eeabd24d1f0e0c8aca8060e36737ec64bf05619d2ae15
,,,,false,0x6d0c35534e2d71b321af0ad0203669c2990afef90cba644bc700af6b33f5b793
,,,,false,0x9315f97b9750dfdc88280cbf4241152ee8ef38dc3672c2b89fc8334c21b427d6
,,,,false,0xc7c0e4cab4306909abf086d03e36930271bb7a008504552ec10a778ea991d206
,,,,false,0xd33d5f19bfb7b8c252f1dac93594f481e510f20eb0f5a1ee9af2348bb236e54a
,,,,false,0xbf05e9236e4f95114c8e18b2003e5f6c62abadf487366a5666c726ed5c8e58c6
,,,,false,0xee4339763292c3ebefe8b23a2e303deeb349cf56137c3d5eac8b4c5ba91d69a0
,,,,false,0xafb4578462277c2a5e9242d282c515642953d86a83099bc10847c0af9ffbf2e2
,,,,false,0x75d3ae636caa441cc4132037290c5076961b282c32a0ea8bcd1db91373f262c4
,,,,false,0x9e134fbf879b31d9c96aac7a20d01c9721662fe10f1bc2052017b48ce712a3fc
,,,,false,0x558bb979be85fdd6268f5e32d666d6db4e83c98da37cc8479c3f1a0e83917906
,,,,false,0xb9b7e8ac3561279743c93ccacf8c92f9f24de8f83d779f8081171742a91fbcc2
,,,,false,0x135de88cf08c9574907fa6b64f76cc748628c56a8284e244db09db7c9ea52713
,,,,false,0x700288f23712aa97b58b4902b473d17f7d542969745d33b04f375c8d76407fa9
,,,,false,0xfaa87e0dd0cc7d8e32e9e8ae1556447174ab96a72c602d74f7f45da2046cb4ce
,,,,false,0x5834ddefeb3ed6f16a5715a68806cc31324f6fcd279c41f0149709d2dd7c77b4
,,,,false,0xede51da9232f936b3f8d2b6b61a9d847063974ed5bff44668964c5564f543746
,,,,false,0xef1bcf412e47c8f75a973ac79204c11067bc637c259a9a173e76cb5dd9ba314c
,,,,false,0x6627dca1ac33b6c358ecbebe55a8f9b348c4c1388f3aaa5d8cd7790ae46899f4
,,,,false,0x0bc2bd38559ade3b2a2c7fa354cb5b6b07915b94f12d610e94023c9deac8bb23
,,,,false,0x8c78bd22c40bb5e7215c635e7ba6bad988889808ec546693d69b5edbbbeeb93e
,,,,false,0xb2cde162f99bc3cf776d2c65eea31a52b5c5a957c5494fd82b4d5b8f9ea72815
,,,,false,0xb32ff53ad4687969ea8a1329c03fc52174c9f07ac2c7d936b518cf14f029412f
,,,,false,0x84924b6e5cbcfaf922049aff7bf4dc0104a091c7d999d9719b212d51c022cb2d
,,,,false,0xfe675a2a7b214fc4cf879149443d34cbd30bc60f924c7f35f9d78a46b8a8e2a5
,,,,false,0xb54fa00b574a31394d0e6d3cd011e0600a8c665f7c9b718d70e1ae0c28b83f04
,,,,false,0xb80591658a9c8e46194e526cc119ee8c1b6de5b2b9f98d18ed94084df74e8409
,,,,false,0x9c9280e2328e758fbda31f1a1fdd765dfccf71b6f00348f9ab0b85d130e67161
,,,,false,0xa22bed26faab3bd7fa21c47260199d9671103eb316ab502e124c7e981b8a61ab
,,,,false,0x8f43bf8803b91319d53c9f9bfde620b556bfd246ed9c0d70d1d76cb7104854d9
,,,,false,0x130887eb411da344049a2d812cfd430a2ea2e466dd560bb0259311434e237735
,,,,false,0xd0d573c56eedc4867d887c24c0aef331226e77faed26cb0227866ec10ecaefbe
,,,,false,0x026e0be41aad10530708d2089072cc1d9a95c3941e02dee0a64cd30a8ca8819d
,,,,false,0xad75948233f86b5a2f71d2be93191de4fd540e4e2f41d9645d7c1e97dbd81ed9
,,,,false,0x42c08451dbe3c89e16854fdc205fdc81921a235809c1381dcda19af93297faef
,,,,false,0x7614ee41c6410cab405302f419e56cdb455c890db761b421c22a950f883c4411
,,,,false,0xa197edee2a672b37d830e01d0a3fda2575163fa8acec648f2997a484e232bd7d
,,,,false,0x1200922b2ed354b487ec38c37dc64cdedc7a89f25b1db35b93d26f4b050f27d7
,,,,false,0x6bbd5eec48257bc39b78b55995233df7d51904467eb76009741322a02664113a
,,,,false,0x6066fe3aefc6712002e10b26fd7aba38b3ef90eac2857e31e41a2beab5e3011c
,,,,false,0xafdc418fb6ab64b160f1dc83d47948bdfd479f1ae695d274cda96748015a3028
,,,,false,0xfdf8306f47f96647226aef12d00a54246fb4f904095e6273c07d6b08ba45ad50
,,,,false,0xb1e8ddff08f9f6e69aae3c737bc22c7a74f8e8fa797486c9cdf42ed1f2bcf11f
,,,,false,0x684ad07e4d14f3a066b8a035d8e1f0b1ba77b6ca2f68eedae502f080c10711b1
,,,,false,0xf129527a3b28a982224e036e658b5d4ea287cfe4a14deffa1f2aa90ef25f27e0
,,,,false,0x1104389e837956a80c2291835cf594bc84b5291d8023a7a985b7b800b5870623
,,,,false,0xeee0a5cc2d21dd2dd9b5463223a27e0fafa64c0652f8abf443aa82fa91822144
,,,,false,0x4d6f3049ca96801ef39a9a0ccbc65cbedb960a7263f407a358159f5af03093d6
,,,,false,0x19f9b03874cd13ab8fcf6b4d1b34d93a2ae132eee7ffdce72e58b55f396badc6
,,,,false,0xaded5a083759600f1d23327ab416be4b5b21393395b5c44f00f082c56500fc11
,,,,false,0xf615d4a47dc904d8d7474a34c0f98ab02223dd49cfb199b0ff8f01ddd2a487e4
,,,,false,0x422ef02262e59c1294eadf18c14418270d4ffca1445c2505beed284eb20c014e
,,,,false,0x650cac3d6e7c9ef7b35deef2dcc64dcd6d1aaa5f9fa4fb8afd2602b458f0d4e1
,,,,false,0xa016a32622d5aa65fb3882379e16d1ba87f257f2290276e5d3796263ca7206c5
,,,,false,0x8800115919d8bbc9a2fc9b117aec6e8c5938c675e9049ec072800c834c8a72f9
,,,,false,0x0a31fba515a645159f1df9382c702941552621b72718956db099fcb986ffd824
,,,,false,0xf1412f1e33c8e9d3bc868c94284e83b259b8173ecc2ec95f4fd9a895a7520dca
,,,,false,0x4b8be95e54e99b231ab68204b501b601f95b28a0f4936d4393ece319dedc267c
,,,,false,0xb2f70a250ab7529b2a6c4245391dd3dd3576d95356e4beee83923e044497b39e
,,,,false,0x77372082487a20834692a97006703aaa1f02a3844957880ef12cbbe43a55120d
,,,,false,0x8d555d92ffb852749a792894af62ab5b6bc1b64e11ee717d463a809dd9f80832
,,,,false,0x97847a9dec133942e103399e568a57d3034aee17722bb908ba47bad8e3632c1b
,,,,false,0x3f9e9e948404a16913f3c312ca573b36a21b33ac908cdf8fc78277d20a81a87e
,,,,false,0x6fbd713cc569577b6e72f0676d8e72b97d4fce13f9edbfd0cd832a95f271acc7
,,,,false,0x8c194fff5d7c52960ff901841503f8d99b45eb7b220b565a99eeee77fd5a17d6
,,,,false,0xf6fbcc553ededc9f2018f59206b0432a6bd3cb6868fef8e7041c34daeaa37c92
,,,,false,0xe233976607bf6c08dad4490e65b13e232d830bfa2cec16c95f8a042328119ccb
,,,,false,0x9ce4ffd62d449b40d25db3573c00ee481ab92bc766d705d3a492e8fa0e2bc642
,,,,false,0xa4371f423819c566af1c1d7d93cc874908231eede10dd99e16ea723eb7705610
,,,,false,0x98458610dca7322b083c796e959dbe5b3bdec9bdfcc45be423fca74b20540633
,,,,false,0x05e844f0b355e2e77e0e236dbb640b74655fab33978f35dd08b653f7e22dee0c
,,,,false,0x8a9765809ed0e028978042d41df7d1d9cc4ceb96791119f1025f7e837b696109
,,,,false,0x8eae015c142fd8b8cfe676ac22db304274af909f3d42583acf64d9e91b785aed
,,,,false,0xa963a84ca236cc12bbc17e2b87c45ec1a050c26e9c2375d23f6b60111be02452
,,,,false,0xab85ff4ed91f2a846c928e3d22372849acba06401bfcae461c8db37fa008fe10
,,,,false,0xd8e99edc3b92020074fe6b7b17928e594fd342cdeb7cd81d95e8b1d6a8e5e8d8
,,,,false,0xe55b57de5dd67b60816fab0d1fb7f51cbb6620752258d296bd2e8eab4257265f
,,,,false,0x0e95f5dae733d8b05497164a191e875a26ba3e6745d759ddac1561593f1653e2
,,,,false,0x695a92e6daaa0d2929d4bb79eb2c3e59c405b394a21cc904c9196667d08ac25f
,,,,false,0x77dea60574f29403a1371371e8fb85ff6fbc7f4722151c3a290e41cf92eef3ae
,,,,false,0x0ee8bc1de06a5c785aab80ccd20f27b4261be851957ad04aab12b28e6fd5cab4
,,,,false,0x704bc88dea3ff6fe1ae4863aa245106c1b18fe04d065eb4413c97495ced60e06
,,,,false,0x6a3a1b78ba7f262d2b9db8659b6e904461242752101b680376aca17f11eb8e1a
,,,,false,0xd6709f4e25d7b9511eab4aadef61cbb866dc10708a3040bae3428e5c36359f12
,,,,false,0xf1065fcc4b89926f4585a2757743fc811f556f53c32d4b36f652648210df86c8
,,,,false,0x4825f6716b45369b96a5cf2bcb90bda7a306d5dcc345231420a2d16440d92e22
,,,,false,0xec943cb6c6a99453d3b9109374de1fbe045b91d03294ab7f18fd75bbf9f65c88
,,,,false,0x00edc3852bf4563d14944aecf9ed428018a72a6c90aa483972be5f1f33712118
,,,,false,0xf6bdf91d237f98e8e12a0106b00e136ca790792015a64a378b1e081f798031fc
,,,,false,0x1afc90e3ea191e2205b3e141c8fa4577c68f9fd02586fd81cd451461daacea59
,,,,false,0x8ddf175d9082eaa8fa3b36dbf40e4fbfcdb87707d0c56b5c58e6c6d280aeffee
,,,,false,0x1939d832f2c81377f23abc90e60276217879d9f3279afebc42d2786e987c5f34
,,,,false,0xd4d956712321239358698c00ccd1ef8cad53d72a1adb3ffa8af0d871f9e3a319
,,,,false,0x2f1bdd778b140f27ba3a5adb2adfcc1777cb3f80a5e4b43155606e93053305ef
,,,,false,0xb52e83d4754b6e3072f1c743be044b7d0d8edde16ce735dc5dfe96f4206becaa
,,,,false,0x9a13a7280eaa1eb94d5753a876f383faa3dfd255f7cb759ad947a9bf6445b5a1
,,,,false,0xf4603018f7081c88ef8a5bcfebdbf97d631943408695b120ff97504181dd55aa
,,,,false,0x4809705dc89846a5c40938f2ff4e77131d14323bbb6b7645442235fb42497823
,,,,false,0x3ccdb57bd3d13fb4fbe535b3b8962048a83722ba87d5ff23ec9f794e6e65fc9d
,,,,false,0xb5502363c54f6badc115d54fcc3b0853bdc8d2ef4640c8d4103f156094dd7772
,,,,false,0x9ea721254eae5de971cb5c6e05a4c2d6f80fdcefd3c6712ac4f803e0432dcfe0
,,,,false,0x3e57624ad3cd8fc3dc81e872c8a6933d3af8fc1fb75dc59952b061354dee2de5
,,,,false,0xd124f36086491d8ad37342be5a77e7b23b7b7eb87b260d80f96891f8daebbac2
,,,,false,0xa9d4a1b4c8120231700645df79bcc377655602c2c4f1746bde245924e51e9a30
,,,,false,0x30104d549085b9306fe856d6227a2546b3884bfa32501ae7add4519f93a4f542
,,,,false,0xaf9b6333cc8182118fd1dfee68e8ae56a1503b9e141cf4b5303cf18fba8026c6
,,,,false,0x2fa6b8c569e0ef879fca1a667845160174e206ef4c81ea2d11750c42e5b5bdc5
,,,,false,0x9c9ca6d895fa9ea921ca4fbff9ae402c5033c34b2483b42fdb65eb36b05ac1a6
,,,,false,0xa12a31935331e1ccd58379730d59f1668e0498e16263ad8fa826fe40f705df3b
,,,,false,0x2e04ef9e29abac228123837a26ae48df1a69c34bf45a8cb086ff22fed770ae1c
,,,,false,"
"
